time,x,y
0.011759,0.02990996092557907,0.45983144640922546
0.088065,0.02990996092557907,0.45983144640922546
0.134146,0.029953228868544103,0.45966826081275936
0.178066,0.030074652861803768,0.45929088830947873
0.228394,0.029809999125078316,0.45900724577903745
0.258991,0.0298825258238241,0.45904173526763914
0.288571,0.02973693613769486,0.4592635924768448
0.321387,0.029704453455341978,0.45914914276266094
0.351918,0.02970713006690461,0.4589704836035251
0.387429,0.029678570680963225,0.4589115922885274
0.419887,0.02997225116163796,0.4595570228165382
0.45356,0.029785454964431263,0.4596352371738548
0.484757,0.029827725253556665,0.4596282338317569
0.517013,0.02985088274224415,0.4596037156036928
0.551041,0.03010643878818224,0.45942685411930123
0.594786,0.029920124028806575,0.45933412000131635
0.626179,0.029914417475739398,0.45945416231169717
0.661533,0.03010765074659933,0.45948540605555066
0.691812,0.030080957785533713,0.4594276597719894
0.726489,0.03003343505432287,0.4595391666327967
0.760958,0.029746824442734868,0.45927430101280786
0.793259,0.029799541714363678,0.4594318155013697
0.824308,0.02983378562361138,0.45951292897206775
0.854249,0.029860414540977237,0.4595988550728516
0.883719,0.029922340048698252,0.4594958088062374
0.914572,0.029793852183563875,0.45942916600739137
0.95219,0.029829802952051516,0.4595110743262829
0.98068,0.029760681020009765,0.45931706034272146
1.014605,0.02980924131845611,0.45946174703230913
1.62775,0.029930950144058707,0.4591801960223249
1.68032,0.02966233445444541,0.45911984039021847
1.725131,0.02973774054166859,0.4592945463942619
1.758551,0.029790524802724816,0.4594168405970923
1.792645,0.029830131966356643,0.45953159321036874
1.823838,0.030052507124283853,0.4595300053763475
1.853949,0.030042357249912874,0.45945887929654716
1.886107,0.030003756498495814,0.45953187362869197
1.913747,0.029929523505906316,0.4591413707689814
1.950123,0.02981405352473064,0.45903596975499994
1.984044,0.029843943890868252,0.4592358369496089
2.021263,0.029897504601733918,0.4591965724236404
2.05354,0.029903500701188968,0.45929195925043464
2.087251,0.029990985589861817,0.4591368398180853
2.120705,0.029968937392878495,0.45925014642654605
2.160157,0.02990612019756791,0.4595944275403531
2.201964,0.02990839056185434,0.4596267573993562
2.241348,0.029953251671374685,0.4594861580007087
2.272143,0.030031757391101706,0.45919728370020463
2.304596,0.029997477653746413,0.45929245714402966
2.336925,0.030169649105456692,0.4593626101299101
2.368477,0.03013613265189633,0.4593012549120964
2.400511,0.030069399279884237,0.4594215365595764
2.435344,0.02991196656651518,0.45923208580841646
2.471765,0.02995689704864278,0.4591534989128611
2.507271,0.02983087477728067,0.45909278392146735
2.539219,0.029900132796178626,0.45905598759199673
2.571747,0.02974776456923013,0.4591879351107463
2.604866,0.029797541622017892,0.4593422126986314
2.639945,0.030075698796994038,0.459263194456936
2.677107,0.03007150960997798,0.45917527496682475
2.711808,0.029960479126624667,0.4588693910231869
2.749206,0.029865008828914845,0.4587709559374527
2.78269,0.030076920928074596,0.4589975592853063
2.816397,0.03002909212962744,0.45915265005360084
2.846928,0.02999561197071443,0.45926121359140704
2.879767,0.03005546347852964,0.45911531785676596
2.913755,0.03001407191494597,0.45923508105362254
2.94501,0.02998395676401898,0.45937521485864474
2.976535,0.02989654568822534,0.45897988041108395
3.006481,0.029835357935169796,0.4587031462977914
3.038091,0.029859998034594076,0.45894656096234043
3.070713,0.029874614186595212,0.4590702450278787
3.103826,0.02988747741059187,0.45920353007340153
3.135973,0.029896481667389528,0.4592968296052675
3.165793,0.029756899298827882,0.45931621985923865
3.200144,0.02984834996126167,0.4592123927484366
3.234004,0.029862308140431348,0.45937570346070217
3.273652,0.029922136150384096,0.45925403126946107
3.301742,0.029838168745546442,0.45904020410984464
3.330609,0.029704389733787605,0.45917688667323975
3.361809,0.02981045109172797,0.4591712484924272
3.39476,0.0298425632441848,0.45927423249858546
3.423977,0.029908314723011517,0.4591830015959794
3.455698,0.03000030152724749,0.4589850742168941
3.486757,0.029903509409811062,0.4588679648422601
3.518147,0.029907704066842962,0.4590619339434685
3.553177,0.02992239622536015,0.4591573271872468
3.585149,0.02996419780983426,0.45910116787804234
3.615058,0.029990811913944565,0.459015060754986
3.65119,0.030012088791843354,0.45900158137545977
3.683866,0.029983709634265568,0.45915546551670827
3.714281,0.030004470191046483,0.45905306910205224
3.745046,0.029863912226410133,0.4589273182780528
3.775673,0.029882645336941873,0.4591326906046955
3.806027,0.029890467298238667,0.4592005357775273
3.834734,0.029867020076062713,0.4594177665256686
3.862479,0.02988216153321912,0.4594467951218545
3.888859,0.029892760553228606,0.4594671151391846
3.917903,0.029897547949639385,0.4594346329516696
3.946624,0.029946804016829726,0.4592952819131383
3.97541,0.02968140782564961,0.4590411220017868
4.010767,0.029592071552128174,0.45913083193865
4.039095,0.029730323533550304,0.4590358255974114
4.070837,0.02974723826471446,0.4587241404324931
4.109381,0.029798314265275343,0.4589612568566316
4.13896,0.029932446421985864,0.45876000817660284
4.17131,0.02992941954410426,0.4583207115255858
4.206253,0.029922068745627466,0.458688449989373
4.235123,0.030003436162088434,0.45861924538158394
4.267845,0.030018278760522488,0.4586777150074651
4.298133,0.03007458967414192,0.4586021107045817
4.331265,0.030110200812048557,0.45855880788222997
4.364957,0.030052388048409213,0.4588455240714474
4.401502,0.030098466175662628,0.4587195770493693
4.428884,0.030087446775045996,0.45879474278152804
4.460462,0.03012034463306755,0.4586371540735421
4.493065,0.030100114690207867,0.4586902510918359
4.52589,0.030088600735227664,0.4587742146112547
4.561538,0.030034636077038726,0.4589496025821187
4.604793,0.029886149845249052,0.45879841333294236
4.638669,0.029936178338734923,0.4588031325734161
4.667481,0.029927940399493806,0.45896984515563166
4.701539,0.030011352821421845,0.45880660180829824
4.737905,0.029712376839878714,0.45869258180467287
4.775179,0.02950454986877619,0.45871607755269206
4.80462,0.029758253539613536,0.458465635838627
4.840349,0.029845508750784552,0.4586265862422818
4.868131,0.030107714517966615,0.4586768365210636
4.906657,0.030093920614658785,0.4587648244117141
4.936715,0.03027310860200454,0.4587432674557078
4.973002,0.03020704946846376,0.45876453045935184
5.002735,0.030204066518459985,0.4586160054480187
5.037578,0.030161367015004145,0.4587222426605827
5.068031,0.029951434641253938,0.45882695343403257
5.100146,0.029792777490040057,0.4589406003397283
5.130912,0.029876191607608668,0.45899758685520325
5.164535,0.02988594968770543,0.45910596315288266
5.201191,0.029778610999467166,0.45901272222356604
5.235334,0.02973508822128925,0.45882442958622793
5.263464,0.02978866817845928,0.4590877588314686
5.294437,0.030065220997788696,0.4589528259640943
5.32408,0.030104786588987437,0.45874781230133843
5.350795,0.030329770151742805,0.4585514274570291
5.379751,0.030289970996755317,0.4584668333463928
5.406693,0.03026211158826407,0.4584076174689474
5.440887,0.03023935391233483,0.45847098708303763
5.479321,0.030340149363957673,0.45871361470328165
5.51312,0.030451257827637572,0.4586909250743635
5.547252,0.030022868501077674,0.4586584394603186
5.583909,0.030106067946405614,0.4585705397328187
5.626661,0.03006127943952479,0.45879589899980167
5.659709,0.030102027498202705,0.45863796342633356
5.691239,0.03018253626154068,0.4584280416216009
5.722634,0.030143648830139064,0.458543872375477
5.752775,0.030119074633179498,0.4586717495098035
5.787135,0.030339771782677244,0.4584981835029546
5.815963,0.03029697213840942,0.45842956257854073
5.853271,0.030467020802107673,0.4583755644867412
5.881421,0.030144586173380464,0.45871163893706735
5.914645,0.029927983562528626,0.45885988019185253
5.949158,0.02996546194083062,0.45884615937465323
5.984024,0.030006138266013033,0.45884285799379865
6.012187,0.030034611693640724,0.45884054702720045
6.042876,0.0301653524117014,0.4591128722979694
6.074291,0.030131620135251565,0.45902325384893494
6.109798,0.030108007541736682,0.4589605209346108
6.137687,0.029885829849549635,0.45854262749163754
6.195018,0.029624510759568165,0.4585077997830104
6.229726,0.029753030978758296,0.45859970308846365
6.257451,0.029609162385447238,0.45829104741667004
6.288164,0.029703120718527223,0.4579924389936328
6.330429,0.02992290455211189,0.4578940095158875
6.384598,0.029816204569501584,0.45812394272851165
6.441205,0.029855711306864055,0.458454027137131
6.509817,0.029926661905660054,0.45852156982091996
6.577789,0.030010457875738215,0.45849280907400003
6.670372,0.030263740052468346,0.4583729251978922
6.740417,0.03020049148378843,0.4585052908788809
6.792335,0.03011295960103126,0.45876135596945705
6.832643,0.03014086626249806,0.45866065937797595
6.878184,0.030122910907812703,0.4587711851096576
6.911082,0.030145169526004247,0.45862066370323273
6.945155,0.030035001894597624,0.4583865795081107
6.984034,0.029760609755948273,0.45827551538563505
7.013118,0.029848300276224378,0.4584371040103009
7.046714,0.029763981576380324,0.458504108874601
7.08978,0.02986510201089783,0.4586034226437621
7.128218,0.030161990947080074,0.4584503546967256
7.163703,0.03036981320240765,0.4583432071338001
7.198713,0.030318001132220704,0.45832107912013254
7.23163,0.03023847423961508,0.45846899862444923
7.27325,0.03042881315528873,0.458432262745992
7.307163,0.030190229730364344,0.45841810795192617
7.340655,0.030192292701790392,0.45837350969282076
7.375881,0.030239673522723477,0.45822583833671704
7.409784,0.030226903356441785,0.45823892096217433
7.450737,0.030415251888960847,0.45819520351961424
7.491286,0.03015518600910025,0.458317174299286
7.526135,0.030124503653430758,0.45846626524985656
7.557876,0.030146284447936884,0.458407219801372
7.593358,0.030120919565637977,0.45857609270793
7.627974,0.030143775586481937,0.4584840990220235
7.664919,0.03011651635759794,0.4585831125557729
7.710152,0.030065929558531504,0.4587754460162138
7.741611,0.029907197534202776,0.45882814689381424
7.775579,0.029962702264797157,0.45878345365059825
7.810561,0.03003568612713419,0.45867612775477484
7.845725,0.029997595851373293,0.45888094178258276
7.883417,0.02999099222901079,0.45904861241572326
7.914552,0.030206847833174753,0.4589254234730726
7.949234,0.030203925373757677,0.45872863055762325
7.989186,0.030201879652165725,0.45859087551680877
8.026237,0.030156047029571083,0.45871425401700905
8.072654,0.03016722096084897,0.45863730820092913
8.107781,0.03017504271274349,0.4585834461296732
8.137291,0.0302651427510766,0.45826700751896643
8.164804,0.030015935475763825,0.45844362971624886
8.195386,0.02961290917803447,0.4582288241208474
8.229733,0.029756700415479342,0.4583639277095215
8.264067,0.03001143992528025,0.45856905193649045
8.297763,0.030233061287892785,0.4585491046117307
8.34084,0.030190806892380163,0.45858812405313976
8.372247,0.030235955158676237,0.4583291118497863
8.403124,0.03010886157836901,0.45880776977624993
8.438105,0.030143913593892957,0.4587105386978443
8.469363,0.03000254587769835,0.45857242658418795
8.507161,0.029816868188562294,0.4588027451463308
8.54399,0.029887681179054187,0.4588061648427879
8.57425,0.029866544448798223,0.4584758574241007
8.606016,0.03000897144816888,0.45825052520945897
8.637155,0.03023133335391482,0.4583261359028087
8.669909,0.030063739709713655,0.4583033446276631
8.70571,0.03026967113699617,0.4583631094955516
8.731015,0.030413823136093927,0.4584049449030735
8.766343,0.030317340186120964,0.45848721225707967
8.800843,0.03024980212113989,0.458544799404884
8.830483,0.030274105811150993,0.45840348015455523
8.873898,0.03020774751486628,0.4585266793485451
8.913512,0.029892192912176985,0.45848482542248337
8.943906,0.029671304690294477,0.45845552767424025
8.968391,0.029872303617216257,0.4582362943845567
9.003489,0.02996974442258673,0.4582462401956622
9.038913,0.029994694542871292,0.4584166113773199
9.0734,0.030055418070545258,0.45837246209059634
9.107913,0.029974804440610923,0.45825978597772254
9.138657,0.030041494998962998,0.45826268431087824
9.171557,0.030013414607487042,0.45855114624478754
9.206769,0.030071209912726625,0.4584959619830532
9.243757,0.03007751092976385,0.45855092421306554
9.302981,0.030310677190286295,0.45841360579523804
9.339064,0.030245138024055623,0.45849327488159486
9.371185,0.03011676424029923,0.4582568344512655
9.403312,0.030109398959064677,0.4583835349408142
9.436955,0.03001259106257452,0.45826753697287503
9.472377,0.030111204077812287,0.458104700893601
9.511869,0.030093716301529183,0.45831753386587715
9.550313,0.03005413029601773,0.4579703082787153
9.596498,0.029939697569185693,0.45805426529079774
9.629775,0.030214207837881583,0.4580659445496506
9.660859,0.03025233582052723,0.4579635861973439
9.690785,0.030235766964904418,0.45805534446461316
9.72254,0.030224168765968444,0.45811957525170166
9.754431,0.030259308470188033,0.45800112768877965
9.78776,0.030051687312154882,0.4581989254495362
9.824139,0.030052054565569003,0.45838349105503173
9.857618,0.030095570086433654,0.4583492778649947
9.887188,0.030126030951038912,0.45832532863196873
9.920611,0.03025810923080359,0.45858256076041853
9.944415,0.030196549908623097,0.45865203577264935
9.983305,0.03023997527004629,0.458373850053443
10.019881,0.029987353033313596,0.45804438375048384
10.052589,0.030216200463516127,0.45818183688152614
10.084937,0.030009786542534656,0.4583658338336164
10.121744,0.02990865694174754,0.45833113317922847
10.156154,0.029995191749758628,0.45831262735193234
10.189184,0.030221687565027647,0.45836960740254007
10.239773,0.03022614172781038,0.4582989685451585
10.277283,0.030185963200322484,0.4584130288065392
10.312281,0.030398531844967786,0.45827635413712686
10.345091,0.03030663628233267,0.4583971987209171
10.38062,0.030160752353041918,0.45824471841544057
10.411328,0.03017432118890552,0.4582990130901644
10.442442,0.03014054528431602,0.45850034801008466
10.487713,0.03035480123847281,0.4583782024531515
10.521267,0.03028447940411854,0.45853297284685235
10.547616,0.03026473494990549,0.4584911888838794
10.580525,0.030250913831956355,0.45846194010979835
10.61133,0.030284529902892328,0.45827812837963133
10.646176,0.03025830282255998,0.4582755239922144
10.677472,0.030085967746272615,0.45816317602821555
10.711688,0.030076050869451414,0.45835846646010725
10.742318,0.030309655148067584,0.45827888536816724
10.771055,0.03027589049418266,0.45827605388418957
10.801908,0.03017749145414081,0.45856050494610556
10.830435,0.03016036255508614,0.45866058459192016
10.865108,0.029950731519311335,0.4587837927859688
10.900955,0.030024643954053284,0.4586294890766506
10.928859,0.03027639107305838,0.45851551303541804
10.963151,0.030298542382611066,0.45832524067653513
10.994254,0.03011078602980103,0.4583027179692716
11.024997,0.030105214211715935,0.4584156534034184
11.056887,0.03029870328839776,0.4584417256385803
11.087689,0.030236756292733646,0.45851295877193454
11.118783,0.030233439893948204,0.45850417099482343
11.144796,0.030033579308787004,0.45855105576376687
11.176702,0.029893676899174163,0.45858387510202725
11.203902,0.030022145446250356,0.45838391236618836
11.235609,0.029914693579352558,0.4582969031384485
11.262252,0.029839477272524097,0.45823599667903064
11.287619,0.029811117730722383,0.4581510994840601
11.311863,0.029759704833259074,0.45821456132394633
11.349663,0.029890925273816704,0.45823102705323493
11.38866,0.029982779582207048,0.45824255306373685
11.427766,0.03011866575668777,0.4580690893649603
11.468141,0.029819174459411377,0.4580532722854298
11.497778,0.030086575394455167,0.4582286853818672
11.528559,0.030317022315570215,0.45818803861339924
11.560851,0.03027779142144913,0.45831728188415394
11.595066,0.03012783722140904,0.4581742122347555
11.627269,0.029991292416959615,0.4581969980600259
11.656135,0.02997827280008468,0.458505165869191
11.68615,0.030253148564801324,0.4583408500809831
11.712081,0.03020486798621614,0.4584423458816165
11.740376,0.030368460930547903,0.45846041037331897
11.770137,0.03052628025612558,0.4583095212338727
11.79809,0.030301779405682558,0.4581687797795586
11.82727,0.03023890957483301,0.4583218966706193
11.857322,0.030238197134674134,0.45826557103281396
11.887208,0.03043509559901394,0.45817313369551915
11.912163,0.030365590325994153,0.4581951970210446
11.940472,0.03031504511873126,0.45821747204120367
11.970444,0.030322450295370215,0.4582212538949528
12.004719,0.030086762049989876,0.4584402124089315
12.029609,0.030307161745864036,0.45836984972175165
12.057555,0.03046871423096112,0.4582399239342544
12.090557,0.030304807010386944,0.45795665255594187
12.119811,0.0305130512721004,0.45783417969927737
12.143736,0.030584189230666886,0.45803469404568153
12.175116,0.030633985801663426,0.4581750540881645
12.20556,0.030384862845528618,0.4586533036097391
12.235463,0.03032853588240538,0.45853814665328985
12.261637,0.030289107008219122,0.4584575367837753
12.289314,0.03021824835281397,0.4585645189889991
12.314521,0.030137141955182724,0.4587624305194722
12.344743,0.03000377532203996,0.45855093137366315
12.376318,0.030105033059438093,0.45830307697415273
12.406481,0.030286676414473867,0.4584035486639732
12.435064,0.030059119708205073,0.4585210320813293
12.466408,0.030057257242804135,0.45860896569728693
12.494025,0.03029649960941449,0.45845423483419306
12.523378,0.03050723609141968,0.4581824872940532
12.556392,0.030331772312707936,0.45791644690780103
12.592042,0.03046983440382387,0.4581067739610253
12.618718,0.030180933791043103,0.45824215760619086
12.643678,0.030150526230384125,0.45838284557614173
12.66989,0.030154576637242685,0.45838255927848226
12.696668,0.030364623185521473,0.45829575034102976
12.726336,0.030314368120400385,0.45828785936519323
12.756174,0.030322448018290392,0.4581189265682237
12.780801,0.030238594720431618,0.45837316985763665
12.807079,0.030269406638312256,0.45817864391293417
12.835896,0.030216248637673797,0.45832880156398215
12.863399,0.030333123680816372,0.4585444636346129
12.890149,0.03016656980296611,0.45833323946007676
12.92273,0.029975045080149643,0.45847181563860184
12.947631,0.030041663446640103,0.4584111050734937
12.976334,0.030242317685515274,0.4584791683335119
13.003765,0.030074778150341323,0.4583057270671238
13.028506,0.030154735039249047,0.4581314339595751
13.060959,0.03023903457661717,0.45799130599204707
13.093343,0.030142685118696826,0.4584495870307367
13.119236,0.03019655010637364,0.45824859575675886
13.144131,0.030121953182674494,0.458541284256904
13.171993,0.03011303121872736,0.45858264980476104
13.196799,0.030012505079503805,0.4583599697791805
13.223512,0.030190503190097376,0.4585662813852518
13.254529,0.030275965085224323,0.45825499219787147
13.28254,0.030094981921630307,0.45825354403420704
13.308548,0.030125619235676568,0.45825831495041736
13.340678,0.03014706535550895,0.4582616545917646
13.363916,0.03016207763939162,0.4582639923407077
13.39837,0.030129327794634717,0.4584290378788518
13.428385,0.0303469489956959,0.45832828536128845
13.457415,0.03030199618752248,0.4583106338793743
13.485496,0.030467816870717333,0.4582454025616542
13.512204,0.030627158174331672,0.458036304703276
13.542799,0.030498142612567523,0.4581062474187656
13.575297,0.03036457327585785,0.45831861643349237
13.610836,0.030282865283955712,0.458426782328373
13.652277,0.03026360506579151,0.4584168555209438
13.680244,0.03028691388006418,0.45820922387724916
13.709484,0.030500526080874463,0.45801097962419246
13.750722,0.030452758590622245,0.45792511074952325
13.780541,0.030344595004290785,0.4581513283495945
13.811323,0.03000069144360156,0.45802993521008784
13.839777,0.029933867236915743,0.4579730695629093
13.867701,0.030056097399851142,0.457898573706625
13.895101,0.03009840007043115,0.45800983572111
13.925094,0.03013067459107798,0.458134595204133
13.954683,0.03018391043473237,0.45804543748906923
13.980235,0.030199697736603685,0.4580720496057289
14.007513,0.03036484175581919,0.4582012029801976
14.035841,0.030357779563083553,0.45805826709872677
14.062904,0.03015560146463912,0.45801109620277414
14.091661,0.030377278629989433,0.4579950013144913
14.12121,0.030249320897296768,0.45841861038097453
14.150061,0.030202188618962955,0.4584967780916105
14.176691,0.0302124924655651,0.4583879880275078
14.203045,0.030222371162188694,0.4583587199962162
14.235967,0.030293405573913308,0.4588806912661807
14.27481,0.030264515792274668,0.4586973180127989
14.30515,0.030355048619668618,0.45884295332699965
14.329473,0.03030766592430338,0.45867090145537215
14.372308,0.029981450497657908,0.45844961408627294
14.410302,0.029888821710333816,0.45838977935608805
14.438219,0.0299931356295247,0.458313088912642
14.463355,0.030031313477854864,0.45848739336849564
14.511368,0.02986039716524944,0.45866255892957164
14.538472,0.02993259292310621,0.45871433768224157
14.573536,0.03005520538018447,0.4584174613901576
14.608232,0.030295063305580724,0.45832018181920253
14.641517,0.030064990531979873,0.45846267528998985
14.678863,0.030029861480598857,0.45869113993016575
14.707786,0.0302340563092864,0.45867519273318236
14.749567,0.030222971307035836,0.45855346903970007
14.774764,0.03005788627689837,0.45846247782348704
14.813226,0.03010823088286351,0.45846883433091024
14.839634,0.030009144844399108,0.4582802989474849
14.864155,0.029987300508966395,0.458668556498919
14.909325,0.029892916718249757,0.4585430390449403
14.944872,0.029952705693630045,0.45858387815638646
14.985843,0.03023525159028308,0.45839594868201994
15.017658,0.030454342192182893,0.4581754917618164
15.044954,0.030617725899357563,0.45798736714338956
15.079563,0.030491540020085646,0.45807199112684516
15.125576,0.030600497553511546,0.4580783526348838
15.154165,0.030479480177993436,0.4581356809708911
15.18152,0.030364135511800054,0.4583537127893573
15.215236,0.03028900173868644,0.4584885609572117
15.282025,0.030458720756532102,0.45836995151614035
15.309109,0.030423494863582593,0.45817639107388675
15.337414,0.030229829630902465,0.4580755886675685
15.3645,0.03024826970413897,0.45811565022361656
15.398412,0.030245562269795946,0.458176317915168
15.436393,0.030243667065755833,0.4582187852992541
15.464818,0.030021737113356012,0.4584890261504797
15.496496,0.030274356284570286,0.4584171889870985
15.536995,0.030219713390054415,0.4584957831158972
15.580005,0.030422769974298748,0.4583895267186875
15.628696,0.03015438520008249,0.45851121671962936
15.663349,0.02994753028865403,0.45873406856832644
15.700114,0.030022403092593172,0.458594682124301
15.72761,0.03026211047568634,0.45847797852251027
15.754148,0.03039663060584764,0.4585259797478235
15.783912,0.03049079469696055,0.45855958060554275
15.813629,0.030402688178407737,0.45847254055035236
15.84327,0.030331090000859214,0.4584453457604297
15.870054,0.030531449365430986,0.45817626494241886
15.897965,0.030487062681187928,0.4580553748672326
15.929267,0.03064063024166109,0.4579032853171809
15.967647,0.030715632012983336,0.4579760388978231
15.998706,0.0307248306647441,0.45819040234024677
16.028602,0.03060595076907186,0.4580603089590345
16.056696,0.030676700903872207,0.4580797506035995
16.081868,0.030535485174486725,0.45818353562187575
16.127083,0.03055658925658542,0.4584427774751384
16.16969,0.030417276470465014,0.45851369505752515
16.199619,0.030351225419860864,0.45844042066674007
16.228828,0.030304989684437955,0.4583891285931905
16.264021,0.029957692539364766,0.45834167276154836
16.302111,0.029883954302439557,0.4582737101319593
16.330313,0.030177120418030643,0.45821259113572166
16.355197,0.030018517956609564,0.4583044815529931
16.393711,0.030194712204071404,0.45852743962692055
16.419971,0.030028220964603388,0.45847799942394873
16.471769,0.030004122783435318,0.4587018668239369
16.494829,0.030030549939259937,0.45869505760168405
16.523895,0.030049048948337174,0.45869029114610715
16.573675,0.029904505646859283,0.4586813398696654
16.606652,0.029771631683552534,0.45879832148039057
16.63063,0.02990193672026295,0.4586865352356294
16.673366,0.029844925229068286,0.45851511386381594
16.701145,0.029931743179282523,0.4585788323396732
16.741907,0.029825844393834157,0.4584984264512859
16.770307,0.029738393605913002,0.4585807410099111
16.806354,0.029681463442063023,0.45862096260513874
16.83917,0.029710407635838768,0.45838678873944483
16.873077,0.029928005394229976,0.4581700543379559
16.913629,0.030008735666496332,0.4581998721630416
16.946705,0.030034614353752077,0.45839864662386265
16.979302,0.030139278173012693,0.45821104204424323
17.013928,0.030042662344569177,0.4580592714651194
17.059157,0.029931670003171706,0.4581165395212806
17.094347,0.030054559336230316,0.45799900267748495
17.124916,0.030295772806592392,0.4579707912798715
17.155426,0.030149727544736188,0.4580509377059534
17.1872,0.029936989967610364,0.45783296314637223
17.216744,0.029983556968182473,0.45808682502738884
17.258599,0.02990300935163806,0.4581503645877299
17.308985,0.02996242145357824,0.4583558016429523
17.351053,0.029989568464565353,0.458493304390423
17.387307,0.030304950998053602,0.45822439143766835
17.414811,0.030428542897679364,0.458341539748479
17.443906,0.030546408339246676,0.4583007788594349
17.470547,0.030398359284533258,0.45845478844196086
17.49597,0.030337983389708632,0.45839918603584506
17.527828,0.030181755996256332,0.45819097225924066
17.558787,0.030029035559352713,0.45820873007716545
17.589553,0.029965492515007193,0.45805765308816493
17.620922,0.030282168475059344,0.4579422790061978
17.645296,0.030263117299564053,0.45807770319542124
17.679817,0.03024331400023019,0.4581352263632673
17.722735,0.030072126162134415,0.45816970794998413
17.756166,0.03015049427544868,0.4581960534127748
17.789263,0.03016447788334943,0.4582180715154148
17.818795,0.03006030214180489,0.45806419209493954
17.862028,0.030026579607476372,0.4584122016936305
17.906521,0.03007773761576881,0.4583693753120138
17.945207,0.030292010115966488,0.4584238238439743
17.973684,0.0304733776824372,0.45833915522834145
17.996283,0.03055641771790265,0.4583881769160264
18.025909,0.03061725421503996,0.4584693234668059
18.058075,0.030462392857959576,0.45857907285830557
18.093243,0.030394635432862735,0.4584455943641943
18.123832,0.030190764276914243,0.4584015031234937
18.185161,0.0300480544677503,0.4583706392550033
18.2305,0.030207689263203635,0.45799532270356946
18.27955,0.030081589853212458,0.45799716527409806
18.324884,0.029971632371159053,0.45808760276042637
18.359192,0.029894662133721668,0.4581509090008562
18.404278,0.02994287454814485,0.4583994825263379
18.455419,0.030027722672736047,0.4584247376229058
18.492843,0.03006861414688903,0.4584118837112171
18.531226,0.030024736951536478,0.45807702439981574
18.572935,0.03027373540552713,0.4580818759259632
18.620785,0.03025074667440434,0.45813814727464675
18.677287,0.03023465456261839,0.4581775372187251
18.716845,0.0300444481863203,0.4582735154501565
18.763239,0.029954597370379726,0.45817736262384823
18.800909,0.030036170047111798,0.45821014674517146
18.840833,0.030281738572429856,0.4581750615677122
18.879335,0.030099023362674185,0.45819759259309556
18.92269,0.030096980344727145,0.45834206564009516
18.95522,0.029959808663062408,0.4583482376331709
18.994709,0.029863788485897092,0.458352558028324
19.031125,0.029997090161105747,0.4581980114660029
19.071958,0.030025627103629236,0.4583423588511303
19.105677,0.030077070863075817,0.45832048532226366
19.140559,0.030113081494688422,0.45830517385205705
19.187811,0.030335576585733492,0.4582415805425321
19.214599,0.030541037893556076,0.458072378269459
19.258171,0.030422246841970844,0.45818164728297556
19.28816,0.03036653322167062,0.4581673964614633
19.323973,0.03028423724602465,0.45832092834795257
19.36008,0.030069137455240515,0.4584227859109572
19.407188,0.03010752810920371,0.4583767842641425
19.439583,0.02999875331639812,0.45824965079363844
19.463294,0.03011417544686492,0.45810674496308623
19.510172,0.029981729174778725,0.4581497709698573
19.545574,0.030151264741607613,0.4578745733224319
19.581406,0.030248498171281488,0.4577707965538975
19.620983,0.030454862415590055,0.45784132019244167
19.655201,0.0301885750739363,0.45808706020209955
19.69168,0.030202388544282414,0.45825423235123985
19.722088,0.029981132629593975,0.45855417951045374
19.752916,0.03005775327300681,0.45842816902069805
19.794441,0.03002479539931771,0.4586669855416614
19.828995,0.02990741730118463,0.45858241390889476
19.878949,0.03016024545102585,0.4585584579924137
19.923519,0.03038308087178556,0.4584264164481136
19.953231,0.030298544160842315,0.45855041481251524
19.98029,0.0303933088204499,0.45874764915343624
20.014617,0.030502934376882028,0.45872228619680355
20.047798,0.030610406470140374,0.45852659438111265
20.083917,0.030499058005996928,0.45846397882541534
20.113075,0.03046438872958409,0.4582567745853301
20.145389,0.030031325877722413,0.4583010955737218
20.173983,0.030165280809215125,0.4581246245762039
20.206545,0.030140678907084457,0.4582616267802546
20.238238,0.030280224869403835,0.45849744128600367
20.271971,0.03049584377341222,0.45821273181032063
20.297672,0.030319706203767914,0.4585565646214648
20.333464,0.03032618467664766,0.4583070202476138
20.364622,0.030268624792588086,0.4584331668083318
20.399439,0.030425631139739978,0.4584684778913968
20.428384,0.03031034848972682,0.4586430417265076
20.461888,0.030276375833344124,0.45853096333502774
20.50121,0.030258721027507547,0.45842835069846444
20.536661,0.030394257992122486,0.4584912402709914
20.563283,0.030532400133937335,0.45837182703578616
20.595532,0.030306063320150785,0.45821239384089807
20.624918,0.030470663863557144,0.45817663453472085
20.654933,0.030388596595025352,0.45820447830077704
20.68127,0.030374407950527867,0.45806055982313243
20.711607,0.030521064938049694,0.4581185768403727
20.744027,0.030426595877765437,0.4582120640328211
20.773549,0.030567587715696468,0.45819092336053424
20.799697,0.030696997765817066,0.45799816926249204
20.828622,0.03050377188313253,0.45824296172410084
20.8662,0.03041177220872812,0.45825090733334306
20.900476,0.030347372436645037,0.45825646925981256
20.934503,0.03032676831224132,0.4582343094181099
20.963294,0.030485157358020522,0.4581919754387691
20.991227,0.030398742041149715,0.4582152169336108
21.018901,0.030338251319340155,0.45823148597999996
21.059504,0.030536462288367646,0.45802656309611806
21.091132,0.03044648403414838,0.458058837530663
21.117621,0.030384312300802532,0.4581365490301006
21.14962,0.03052799798324196,0.4581717692852504
21.178654,0.03044784401200356,0.458252875022922
21.21056,0.03029785891661544,0.4585442797432182
21.239436,0.030277613743669288,0.4584294646246122
21.266793,0.030376079255013212,0.4586149277770539
21.294052,0.03050968378938037,0.45849215047943725
21.325689,0.030195256383317295,0.4586658889072308
21.355559,0.030129354601371595,0.4588980754029769
21.384956,0.03000411774584434,0.4586631919809592
21.423023,0.029873053805114298,0.4586623704540619
21.447652,0.029960345939553802,0.4585782266930264
21.48409,0.030071486484040733,0.4584268792562549
21.512741,0.030109172429363867,0.45837964960585087
21.545483,0.03017881103456483,0.4581831797366841
21.575769,0.03038158726364698,0.45815618466177105
21.60972,0.03038215920993912,0.458041318670779
21.637342,0.03030780696589211,0.4582471757045474
21.66393,0.0302557603950592,0.45839127562818527
21.688988,0.030220471087068764,0.4584357923633289
21.724051,0.030256720094958257,0.45822247966691865
21.753663,0.030164072174683726,0.4585230029940158
21.781171,0.03003833416223413,0.4583520039045498
21.811613,0.030011274106144112,0.4586323828385849
21.839147,0.03011298788665477,0.45840842640604623
21.873008,0.03000257516061386,0.458271800292971
21.897292,0.030017676059490288,0.4584345034454361
21.929539,0.030117469253997095,0.4582699108308421
21.959528,0.03029795499493883,0.45842845119338294
21.989553,0.030141951722851834,0.4582520307512158
22.019283,0.030115239653056868,0.45842066476620746
22.053976,0.03001405098353446,0.458246580252193
22.088398,0.029798575764598788,0.45813337568680423
22.113759,0.02964774311134382,0.4580541324910321
22.146409,0.029585600864235707,0.4578351994959273
22.179547,0.02979024306430509,0.458044250252389
22.225758,0.029902378420987356,0.45814554255185536
22.25982,0.03003405522870127,0.4580193047988872
22.287907,0.03003971210715147,0.45825775659957746
22.33155,0.03008578651515524,0.45831776000872704
22.358532,0.030026187470629972,0.4581965499765755
22.390202,0.0302559250143693,0.4583028461091674
22.423845,0.030256583241946328,0.45828951834510456
22.452915,0.030367906405358292,0.45855414973904174
22.480124,0.030526505085011466,0.4584303833548887
22.510504,0.03042768545004338,0.4583821024748945
22.541006,0.03035851170556572,0.45834830585889863
22.572063,0.030388195452151483,0.45818048843384773
22.600978,0.030540707417766697,0.45816882044125284
22.630235,0.03041152863046359,0.4584168932143259
22.662455,0.03017999246307792,0.45840061693513245
22.695749,0.030017917145907947,0.458389223539697
22.725652,0.03008431547903423,0.45836781923642433
22.759379,0.030129981267614993,0.45829771682887743
22.811818,0.030150118777865845,0.4582892359066867
22.859178,0.030176856621404763,0.4582978278933171
22.910688,0.030195573111882,0.4583038422839584
22.960317,0.030207861610608427,0.4582529329621513
23.008842,0.03038309691235422,0.45834231419907046
23.044431,0.02994002283383905,0.4586439910578948
23.080228,0.030214435523138933,0.4584787525866185
23.119622,0.03037515820639386,0.45848589506682036
23.158686,0.03048766408467231,0.4584908948029617
23.218194,0.030609722464012664,0.45833086033462256
23.262162,0.030487829131493262,0.458305605668417
23.312651,0.03035923641455819,0.4584513722787439
23.354623,0.030466542689232573,0.45850042633723187
23.390577,0.030398353359361467,0.45844566119469876
23.439482,0.03049316067981917,0.4584469865255591
23.480864,0.030385507994808145,0.45853114320289345
23.520093,0.030495544284822713,0.4585776789527721
23.555648,0.03057256968783291,0.45861025397768723
23.595887,0.030317189654974798,0.4585100235676147
23.646459,0.03032127708483543,0.4583791370684668
23.686783,0.030296667436283467,0.45836075870656323
23.722293,0.03014105043179308,0.458204646010442
23.754608,0.030230966887936594,0.4581474913850132
23.787937,0.030096752633597373,0.4581602869020196
23.817921,0.0301999584291996,0.45811644000911755
23.848083,0.030320571655356385,0.45785482686929735
23.888398,0.030329468790219673,0.45786276036025064
23.93132,0.030333018487163892,0.4578213572647639
23.978822,0.030477291549074605,0.4580774670941161
24.012146,0.030394803949574202,0.4582397834729919
24.055014,0.03057742152647743,0.4581373082985717
24.093158,0.030608548460658375,0.4582647922807104
24.129602,0.030476334372440163,0.4582434525312201
24.171787,0.030592413433388303,0.45824660173603404
24.218458,0.030507127624349595,0.4581238420614
24.256914,0.030404197613018512,0.45820125681816304
24.293302,0.030388034341466856,0.45810663819175096
24.342641,0.03034339751592547,0.45817000949286213
24.385279,0.030312151738046494,0.4582143694036399
24.423012,0.030290279693531215,0.4582454213411844
24.453812,0.030456896794328142,0.4581528240678574
24.489902,0.03041226597700748,0.4580581976936763
24.534535,0.030317085571109882,0.45829947449530695
24.576786,0.030337008025163155,0.4581416215542542
24.62964,0.03046159430607122,0.4583050137987247
24.684032,0.030390826503284504,0.45835860951357654
24.728038,0.03052999809175075,0.45827898550559576
24.766959,0.030410146421219295,0.4584699404038056
24.797537,0.030348952915984162,0.4584580185272242
24.836121,0.03022977229426546,0.4586316074510973
24.872664,0.030387054560374917,0.45853651343846247
24.903281,0.03028681163932303,0.4586198026472801
24.959583,0.030459747520206304,0.45851004681727603
24.993762,0.030411883259795658,0.4584666648826889
25.027169,0.03026766842403788,0.45816240822527055
25.074928,0.03025775388935352,0.4583069759674596
25.111645,0.030125595346007755,0.4581264252113709
25.153108,0.030344336281657024,0.45811645649405186
25.193512,0.03042278503160463,0.45839582208566176
25.228882,0.030595635886952778,0.4581415983700813
25.266471,0.030275391338940312,0.45833766687560507
25.318321,0.030336126632067653,0.45815022448752224
25.357506,0.03016867186884201,0.45805727205711333
25.396688,0.030145734299044623,0.4582438412649076
25.437123,0.030213605996643078,0.4581737925946562
25.466811,0.03042121500588675,0.4582110451894893
25.504607,0.030199486037811175,0.4582710430092141
25.539112,0.02989039798776743,0.4582025791750915
25.576963,0.029825084953410484,0.45821685491826103
25.611635,0.030146530068648,0.4581942769803422
25.661523,0.030161702938588955,0.458216828012712
25.704054,0.03005835968047256,0.4580633216430475
25.757875,0.03010112304690393,0.45806870771753894
25.80837,0.030088542155345663,0.45828554371312924
25.841308,0.030079735531254877,0.4584373289100425
25.891062,0.030293408656806735,0.4584713913625943
25.932802,0.030399660492721886,0.458658724659535
25.981341,0.03051735612983364,0.458626368387239
26.026959,0.030402444809818276,0.4586567105060694
26.062593,0.030365318973462584,0.4585144782904897
26.104892,0.030314855171959164,0.45844096892981523
26.142012,0.0304793779930516,0.4583848632150507
26.174096,0.030440660607490018,0.4582351626695723
26.203622,0.03060506592608606,0.45807489526461276
26.239204,0.03035880021544278,0.4579977824343592
26.271326,0.030143082572563352,0.45810723938915576
26.297503,0.0304124108736522,0.45795414593678124
26.328058,0.03040373573694278,0.45789989156328625
26.362129,0.030382329287584164,0.45780036574564464
26.400131,0.03029529449216413,0.45806400684687953
26.484881,0.030130189784470407,0.4580307066015543
26.542942,0.029942303016456208,0.4583573710620899
26.596521,0.029854234064887533,0.4584223767310728
26.633535,0.029971634426404437,0.4583841778967027
26.662287,0.029884779632173557,0.45839223590426353
26.694636,0.029937101765034398,0.4585120134438365
26.726694,0.02995295522559728,0.45874013374444866
26.762958,0.030035033398015616,0.45862304974732715
26.795288,0.030174397194087824,0.45838736461000185
26.832069,0.030181209926396828,0.45835198935347377
26.874631,0.03039581754973844,0.45828887108499117
26.906169,0.0303606798914067,0.45825699069573494
26.936302,0.030292771442919413,0.45839814612201657
26.964526,0.030288547616633382,0.45833348322165274
26.993222,0.030072154714666628,0.45843157432254733
27.023358,0.0299206796832899,0.45850023809317353
27.059088,0.02984911131199338,0.4584734780417931
27.133802,0.029872207024547424,0.4580634832361277
27.17127,0.03014506869037656,0.458255332706894
27.203529,0.030357967622715185,0.458206691740918
27.236315,0.03014175656223949,0.4582037388079141
27.264696,0.030231091816715988,0.4579853426570636
27.296426,0.030418183811152785,0.4580176987060367
27.328716,0.0303671642371529,0.4581546279257458
27.359207,0.030297310484941754,0.4583264921830241
27.39389,0.030433170679655834,0.4583793127843043
27.42928,0.03035242775173288,0.45838008632419613
27.45871,0.030105877105036483,0.45855431871722807
27.489592,0.030130584330407155,0.4584219632742551
27.525614,0.03012294266743775,0.458490926498018
27.56156,0.030160878210130544,0.45837570223380086
27.610044,0.030196222353681176,0.45831777249990174
27.640081,0.030051875121487152,0.45831202781848895
27.673481,0.03006662749247261,0.4584689659044837
27.702687,0.030077026795323245,0.4585801994319743
27.728639,0.030311500027957444,0.45837762900801404
27.772297,0.030443738708027218,0.45847021901635654
27.834971,0.03034100464621147,0.4585810766102853
27.929778,0.030312373833331192,0.4584952678121515
27.976539,0.03028051210446249,0.45847574771306626
28.021909,0.03026813195002241,0.4584283861577828
28.062096,0.030051611965860068,0.4586160503965838
28.096354,0.030107901853000718,0.45852659803624507
28.124883,0.030341112256718594,0.4584821309983421
28.151393,0.030307093124559564,0.4585038346487067
28.179489,0.03013732229936096,0.45839518961374437
28.208294,0.030259029372906497,0.4581030861531211
28.239628,0.030470986640019283,0.45797048799158724
28.271496,0.03046155287116184,0.4578220670856348
28.303185,0.03058089403363655,0.4580081460680681
28.330163,0.030537345872688422,0.4579050044679922
28.361844,0.030617610011456103,0.4580892066483694
28.389512,0.03052161922134,0.4581183252957958
28.421933,0.030257055876691405,0.45819161939216146
28.45235,0.030281857825942317,0.45820315704062325
28.486354,0.030145099460422233,0.45810070850173945
28.514675,0.030160104721325104,0.45830296429399864
28.547302,0.029950551035678608,0.4585334585774238
28.578911,0.029902720739318288,0.45831729259767195
28.60684,0.030003677994421468,0.45831746757700687
28.637296,0.030193447093951643,0.45862177044622354
28.670076,0.030181965854815203,0.45850290379256575
28.697729,0.03011448117736587,0.45876735612681896
28.728479,0.030151910301054775,0.45863251204740973
28.756754,0.03001261224468915,0.45835652670081833
28.784785,0.030069099841855542,0.4582739512579785
28.816212,0.030108641159872017,0.45821614844799063
28.851226,0.030139045877394934,0.45822390365839016
28.885575,0.030212380239562693,0.45808872196841244
28.912144,0.03005308880104378,0.4581840220057726
28.942265,0.030142258173084538,0.45809457382307767
28.992646,0.030401814066965772,0.4579790490520241
29.026775,0.030173192268629447,0.4580941260215212
29.060383,0.03001315700979402,0.45817467990016914
29.093968,0.02993008845130562,0.45824911888189296
29.122698,0.02989716887132298,0.4581410625281237
29.15909,0.029989868631056744,0.4582278040142468
29.194116,0.030249327581191317,0.45818742165606496
29.233938,0.03043350867951411,0.45820738012342543
29.261751,0.03057242667692054,0.45818764462395734
29.292523,0.03066966927510504,0.45817382977432963
29.314521,0.030367037691408423,0.45826772841035196
29.346187,0.030155195582820787,0.4583334574555676
29.37604,0.030085343956688708,0.45802212602086106
29.408176,0.030089382889685795,0.4582178621722367
29.437842,0.03015834447639429,0.45824568474920335
29.46097,0.030160049409449795,0.45828654669962543
29.487566,0.03016124286258865,0.45831515006492085
29.51694,0.03031606110536311,0.45844567049134455
29.5454,0.030293016250652845,0.45840733210257767
29.580766,0.03023475349546069,0.4584875064294383
29.613454,0.03022617786795314,0.45847031474516703
29.641452,0.030109582980665475,0.4581845790176008
29.670539,0.02998769486758613,0.4582897636314123
29.702647,0.03009978935986213,0.45831051758070007
29.729699,0.03032627209135509,0.45824532115258226
29.762521,0.030248140820622757,0.4584077247247915
29.79649,0.030034001104665017,0.458517249801365
29.825335,0.030226991874816565,0.45858714030685543
29.852927,0.030187393699576244,0.4586697343245324
29.880572,0.030023098011456775,0.458577605712277
29.910744,0.029906229129681973,0.4585198480283257
29.944436,0.03019450875955322,0.45838360020285107
29.974468,0.030037962493660537,0.45834356963769274
30.002324,0.030126288017286597,0.45811094039772915
30.02957,0.03034854998087646,0.4580973648614335
30.058374,0.03031229953147007,0.45823449835287067
30.088624,0.030243646774430304,0.4584937220968263
30.120398,0.030085072216011546,0.45843519253633613
30.146471,0.030129936543735088,0.4584979249852055
30.177123,0.030150087471149917,0.45842938161611624
30.209106,0.030206976030508467,0.45837094958329244
30.238762,0.030121590270070088,0.4580483705102685
30.270956,0.029913737713225183,0.4583889135926463
30.301577,0.029885723354666677,0.45823891882565104
30.331731,0.029981800890042855,0.45829495337731174
30.364154,0.030036468899003792,0.4583210347393013
30.398021,0.030084660119838007,0.45830555844398335
30.432766,0.030358948448716144,0.4580784138209064
30.46379,0.029996563380055602,0.4581791130022712
30.504366,0.029872231627071977,0.4582736081999098
30.540594,0.029916541028713738,0.45846943070343016
30.572033,0.030188007030970736,0.4583903025279007
30.604809,0.03018081319765331,0.4583877791447136
30.630533,0.030298371788911593,0.458619373901475
30.657042,0.030071273904479345,0.45866389324729834
30.687732,0.029955653794612246,0.45853155826852354
30.71424,0.03004187554230693,0.4584109930468394
30.74275,0.030088444770150206,0.4583685292592601
30.772734,0.03031833087855674,0.4582859293275742
30.800068,0.030297267184335668,0.45834238936082206
30.855405,0.030084588425333375,0.4584749840369122
30.88159,0.030318191270413547,0.4584086737900185
30.910507,0.03029565177536784,0.45832497391188587
30.937556,0.03048253625406568,0.4583072876846702
30.969501,0.03026406360260269,0.45826419603239865
30.995512,0.03023405279779568,0.4582995045978622
31.024675,0.03017706451808308,0.45840709191155005
31.052527,0.030223659434382377,0.4581554059894293
31.080181,0.03036701143376527,0.4582533386645701
31.116695,0.030313378360517305,0.4582112772373944
31.147951,0.03024355594133659,0.4584225446160647
31.177062,0.030176468048698966,0.4585736861947386
31.206139,0.030391885238831323,0.4583888143088664
31.232266,0.030570923168024972,0.45818245141211866
31.26993,0.0304300337682099,0.4583796392873188
31.300266,0.03052864184031403,0.4584646792905213
31.33074,0.03044371986920298,0.4584137896883167
31.361074,0.03056895631476504,0.45831064682517186
31.389365,0.03064469773120665,0.4582791538131199
31.416379,0.03071026778452484,0.4582715926333639
31.446813,0.0305961177335483,0.4581786899204116
31.47963,0.030466490689457608,0.4582396503194712
31.509264,0.030582963022071925,0.45819571406972204
31.535668,0.0304546270044994,0.45820466432901474
31.563542,0.03033713598208091,0.45832434224836605
31.594976,0.030142270221407443,0.45814080784148775
31.623025,0.030017493241396208,0.45808344805835444
31.653385,0.030117341281331242,0.45802417205988494
31.68373,0.030110638284136515,0.45827565655165303
31.710754,0.02994859048268672,0.45844601835347587
31.73872,0.03003878083059225,0.45834288072463036
31.771676,0.030011514689627518,0.45860728373441406
31.803847,0.03006991070386992,0.4585541588586501
31.834022,0.02995282983098485,0.45846149442249057
31.861772,0.030256646960674132,0.4582213737801458
31.891336,0.03022886114844569,0.45826952902128515
31.927196,0.030406631114783103,0.45825037135039914
31.959334,0.030218025006742824,0.4581273748611272
31.989805,0.030377533940498115,0.458241236000697
32.021734,0.030336047235247347,0.45826422795912436
32.054587,0.030350281190059378,0.4581169489789264
32.084546,0.03030704725417222,0.4582109245298087
32.111068,0.030243432465125203,0.4584063832805997
32.143473,0.030242176202486308,0.4583798310550562
32.174933,0.030271596839810653,0.45827746122824725
32.206591,0.03042771157279578,0.45835948398533766
32.237796,0.030094439691886077,0.45873671757754
32.275052,0.03012637905489339,0.45854008487168363
32.348692,0.030161383224503728,0.45841696166905155
32.410924,0.030339821471356918,0.45844137184558975
32.46636,0.0302997254510805,0.45843802053647303
32.515761,0.030283986340071706,0.4584889432911271
32.570365,0.03045776981073038,0.45841844526796893
32.613061,0.030552704555990212,0.45853603734084514
32.650674,0.030465138612927337,0.45850786266183835
32.712264,0.030312702108044362,0.4587708273353098
32.748116,0.030297136899365237,0.4586722156579636
32.795231,0.030286241253289853,0.4586031874838213
32.877678,0.030447961155127774,0.4584274449523208
32.9503,0.030208844638850194,0.45830330759318094
33.008658,0.030060710721105464,0.4583019023837844
33.056738,0.029957016978684158,0.4583009187372068
33.095991,0.030173102986629965,0.4584357085619447
33.131527,0.030022978452614257,0.4583800454890583
33.161826,0.03011532924318305,0.4582881524134773
33.190111,0.03026742989789241,0.45795217313154224
33.222645,0.03030795321841593,0.45789961924601175
33.251439,0.030518970712380494,0.4577860041192572
33.28044,0.030299937814026887,0.457680313051937
33.321059,0.030271806890949472,0.45790527938091613
33.358536,0.030252115244795284,0.45806275581120154
33.395879,0.03006579352725603,0.45810583573936514
33.429852,0.030305034841759407,0.4581502699817356
33.463649,0.03028644227530994,0.4581440912460879
33.496938,0.030273427478795314,0.4581397661311345
33.537511,0.03024706716450805,0.4582496774315875
33.571922,0.030382703382064183,0.4584370955312281
33.612583,0.03021285770764201,0.4588285161196013
33.644843,0.03028086261849775,0.45842268677524467
33.676802,0.03009841019492171,0.4583709302383683
33.710703,0.029927333354518564,0.45849819918340595
33.742254,0.029850939710136276,0.4584237889240812
33.775021,0.029971238334414577,0.4583824305786134
33.810631,0.029715323151753396,0.4583142658409882
33.846496,0.030059705578907567,0.4582961710528717
33.873911,0.030102065175808435,0.45823170230441584
33.901028,0.03033042499574609,0.45823837657727107
33.939261,0.030296896864044777,0.4582849714951725
33.972899,0.03027206148043044,0.4584155243295339
34.004781,0.030252293457431967,0.45841992727523395
34.04027,0.03043558479288256,0.4583701340568437
34.07125,0.03032351474371875,0.45855146485057086
34.100552,0.030285592211138475,0.45846685952187205
34.133989,0.030218519936497892,0.45861917267609076
34.16681,0.03010137146398139,0.4582403388744385
34.196565,0.03020399068523743,0.45820866833011836
34.226968,0.03040177285234639,0.45822225279526285
34.257954,0.03054682195626056,0.4582690893296546
34.320673,0.030431983645356188,0.45830292990594135
34.34745,0.03037530643782769,0.4582509531930319
34.380876,0.030335632392557738,0.4582145694939953
34.409904,0.03028529312476972,0.45820829658051954
34.439449,0.030443883795398686,0.4583483246151451
34.478526,0.03055489726483896,0.4584463442393829
34.522137,0.030528353140593094,0.45812402601242885
34.565858,0.0306257392367605,0.45826769873142814
34.618355,0.030653743982873214,0.45842690272379316
34.667003,0.030362256321701704,0.45842214328322684
34.706814,0.03035711137441328,0.45815636646341984
34.738917,0.03046429129035544,0.4582444802136639
34.764573,0.03053931723151495,0.4583061598388347
34.800501,0.030476766388413536,0.4582364324583208
34.828317,0.030318104580102423,0.4585327699479974
34.867413,0.03022865209583505,0.45865084392709154
34.908525,0.030429027068345195,0.4584980692865236
34.945049,0.030349527223815433,0.45846321587574956
34.974788,0.03045615712477459,0.45866577807435127
35.00954,0.03057403749994025,0.45864441283899654
35.061334,0.030451034525931973,0.4585656563624807
35.10033,0.030377574589283036,0.45852501969829673
35.133927,0.030398079421124394,0.4582033370624664
35.170852,0.03032786387076087,0.45825690331890956
35.197883,0.030301278186431274,0.4582751950818731
35.23058,0.030415248122626064,0.4583613130290214
35.263728,0.03036891910957243,0.4583855556435617
35.293478,0.030265362764088928,0.4584914317618869
35.320776,0.030201627381922835,0.45858824547367727
35.354184,0.030169638554550633,0.4586705079413077
35.387131,0.03019321161479572,0.4585940348620846
35.419628,0.030007514430379606,0.4586125120779816
35.452283,0.030274230702526383,0.45847123699214665
35.4839,0.030407688008909334,0.45856937950629617
35.568731,0.030175442127898765,0.4585140896841391
35.600335,0.030056192715923788,0.4583119776947451
35.642966,0.029982815526895284,0.4581380982172694
35.677773,0.029888128231049367,0.458179836400404
35.717583,0.029865170387483188,0.4580455993112307
35.748203,0.029832849621911427,0.4580082011369334
35.780088,0.029900005886055733,0.4581936308248069
35.811859,0.029976557009288064,0.45820320605757414
35.846099,0.03009545682023751,0.4581789023842991
35.874029,0.030095319161370905,0.4583839677787429
35.905548,0.030292412101416644,0.45847465615586674
35.941977,0.030226996984513796,0.4586137047884997
35.97277,0.03040532620003078,0.4584912943874494
36.004401,0.030453615905097896,0.458698736789255
36.028876,0.030483568611121413,0.45885350407530867
36.057137,0.030378793546719712,0.4588157054877182
36.087945,0.030271134372467152,0.4588488988048961
36.121941,0.030248353746672514,0.45882802967001907
36.147714,0.030035136423506366,0.45886632337807554
36.183794,0.030051980090537285,0.45890403662370893
36.271433,0.02991016613511148,0.4589153439995952
36.304834,0.029839884899035413,0.4587707934616124
36.331674,0.03030440202691428,0.4588090203689218
36.370347,0.03014928878780991,0.45856675363984467
36.394235,0.03023788708702478,0.45834435423398745
36.421458,0.030228371382048,0.45837010820835145
36.447196,0.030291722190581946,0.45810180123736977
36.476101,0.030464507570408014,0.45808966210746127
36.50921,0.030341028746346192,0.45830700671557933
36.538222,0.030267219509646982,0.4584736408106391
36.563657,0.03021555304395753,0.458590284677181
36.596753,0.03025662407932002,0.45847262043186354
36.627183,0.030426065166395136,0.458392535337804
36.657003,0.030527444645981845,0.4585634711208927
36.690695,0.030493006731723345,0.4582230200346401
36.714721,0.030564333747285816,0.45847845425042144
36.745552,0.030401012512863423,0.45861282293878836
36.771846,0.030302745698863785,0.45880416474161534
36.797445,0.03023395892906404,0.45893810400359425
36.836808,0.030050883577264858,0.45881801790291876
36.873926,0.030054223892786364,0.45886498354282346
36.910464,0.030140347058960577,0.4585229134925649
36.946543,0.030345835219097284,0.4583712531584413
36.988825,0.03014724042384873,0.45823018644457436
37.029517,0.029993128818356342,0.4582766545409338
37.061343,0.03012671264952256,0.45812919704278937
37.100177,0.030225162183861766,0.45793359257491867
37.130111,0.03041519479993441,0.457925004208075
37.162289,0.030512932054007257,0.4582242724406629
37.195586,0.03062463339742317,0.4582705030814346
37.226406,0.030341696745191073,0.4582938970111683
37.25676,0.03029485565098508,0.45835756904761116
37.291044,0.03014987958143819,0.45817001216427566
37.327358,0.030276267311170377,0.4578077930904553
37.36426,0.030219240617589425,0.45807737778504565
37.395487,0.030278046781604874,0.4579776601951908
37.430165,0.030319211096415687,0.4579078578822924
37.46363,0.03015067811816418,0.4579117821366766
37.503946,0.03036849972065924,0.4580035337505564
37.540516,0.03032354917148398,0.4581205815164722
37.572092,0.030282954776920404,0.458118347233726
37.605303,0.029976947390284406,0.45807739052607155
37.641289,0.03006479862905779,0.4582160638511526
37.674703,0.029702633994361426,0.45854771223845514
37.706689,0.02979782268581635,0.4586613035304119
37.75122,0.02966795613740377,0.4582794685435234
37.785177,0.029687667764843946,0.4582862164070563
37.821392,0.02982732018017273,0.4584196859442442
37.906707,0.030098850487455232,0.4585224308262541
37.949834,0.029917786117542932,0.45863792919945634
37.998559,0.030156763610546193,0.45858157412888945
38.040847,0.030014370061072784,0.4585304132667942
38.092862,0.03005926731872474,0.4584858566619391
38.133815,0.02991165850613058,0.4585382357307478
38.171435,0.03030538198935467,0.4586787562119705
38.202917,0.030429493909689135,0.45871464296017284
38.233346,0.030513799009649595,0.4586916448541873
38.263228,0.030229830689777977,0.45868228746532147
38.29764,0.030023295135085813,0.45870793274199084
38.330354,0.030230003573546327,0.4587835698108731
38.36888,0.03026406562292045,0.4585623850570719
38.399592,0.030322061401351554,0.4583316939177732
38.428382,0.030256551934004804,0.45851876318174933
38.459107,0.03036483180066415,0.45876010244888893
38.494426,0.030166899895452737,0.45853967259389145
38.531037,0.03016718037679622,0.45843586875044684
38.568306,0.030330179536624556,0.4584965029073791
38.602431,0.03011748810162014,0.4584553423622375
38.635174,0.030142512941707236,0.4583431222209719
38.668565,0.030362784097139384,0.4583054718095631
38.695405,0.030163068719884792,0.4583811209304133
38.727967,0.030177145169403875,0.458339384396086
38.758441,0.030250624034661756,0.45875583573127476
38.790157,0.029855828508437765,0.45877954203646654
38.819617,0.029863707005769773,0.45841621048383807
38.851738,0.030063384829316073,0.4587361035842997
38.883157,0.029748068343448113,0.4585897676815104
38.912471,0.029840658991131412,0.4586007274060108
38.947764,0.03010550432852433,0.4585847063668629
38.986617,0.030134124300540167,0.4584336770242097
39.027799,0.030359780335587734,0.4583917483554233
39.066698,0.030420962106102435,0.4585753835644487
39.101713,0.030473016703267502,0.4587878813529327
39.133402,0.030279095076419637,0.4585114281504372
39.168731,0.03045178609294534,0.45838595855139824
39.209152,0.03037237752270687,0.45839674571685185
39.242275,0.03027926965459577,0.45857009301257656
39.277349,0.030367962978612127,0.4588019073682106
39.32056,0.030193614933522066,0.4585429811948491
39.357245,0.030238593574903473,0.45839397302585505
39.391911,0.03045846860317334,0.4581728034607804
39.435378,0.030328047409609565,0.45834250523393993
39.466478,0.030090921987562302,0.4585264562728201
39.505414,0.030133273100980365,0.458512278140936
39.544732,0.030013389639347562,0.45844918312524513
39.583271,0.03014123497069164,0.4581571536791953
39.620097,0.030321849724771567,0.45826903703538996
39.662229,0.0302756452573194,0.4582464238594959
39.704334,0.03020882512718416,0.4584167399420035
39.744933,0.030368669419616297,0.45860245316123804
39.78015,0.030181552233686924,0.4584076190216053
39.821871,0.030340239836448048,0.45847672809719003
39.858791,0.03020167008397135,0.45826084427725544
39.897454,0.030354322331647147,0.45837398577614513
39.941435,0.030149831994126283,0.4583368395389986
39.989646,0.030321776232744284,0.45841892125559947
40.026045,0.03024111680998158,0.4585374881192761
40.064842,0.030429106714523094,0.4583769403452974
40.1045,0.030560699647702156,0.4582645569035123
40.144262,0.030285387828674085,0.4583489310395814
40.183928,0.03013335754852326,0.4581977166887589
40.219591,0.03018075433389924,0.458202427298777
40.255224,0.030385507406409655,0.45821788407332387
40.296308,0.030489475933841118,0.45836483486370916
40.346919,0.030568321842145793,0.45846126311534313
40.385206,0.03042284004016152,0.4584798304583586
40.420375,0.03051861117518347,0.4585873844069411
40.456037,0.030234171506419587,0.4586642278521774
40.492881,0.03003506373828487,0.45871801826384295
40.527812,0.03029351521806007,0.4585450913222495
40.562628,0.030130067467622555,0.4583108979461893
40.602497,0.03012143477792821,0.4584695518611682
40.640005,0.030353974945810408,0.4583711648403772
40.675123,0.030148144901520887,0.4584382819228786
40.713328,0.030316854703931823,0.45849819212808135
40.74676,0.030525201752241618,0.4582050051367059
40.78272,0.030307705388585043,0.458167975570067
40.811031,0.029914703411642228,0.45835847337813473
40.842157,0.030144645780273732,0.45841960783640445
40.872842,0.03022280396964542,0.4582630601832065
40.90225,0.030224277323608342,0.45835048507811177
40.933043,0.030068554788616614,0.4583807745159971
40.966944,0.030113004338593402,0.4585375717289165
41.002453,0.02989418911118883,0.45877834674764084
41.032337,0.030022503994660624,0.45852004251811784
41.063256,0.030127619709998305,0.45840068790667965
41.092035,0.030249288248023344,0.4586689113909761
41.117194,0.030193107162317302,0.4587606089844636
41.144864,0.03037855063535816,0.4586988497052622
41.172785,0.03032949292918674,0.4586651400518241
41.198108,0.03033065101238531,0.45854285588406285
41.229846,0.030130525099860722,0.45850231807808006
41.261106,0.03015638355646428,0.4586226522223745
41.28956,0.030020455270645292,0.4585964148747539
41.317317,0.030076169110582363,0.45854655065688793
41.349069,0.03030091065523253,0.4583877991734675
41.378054,0.030510323823492308,0.45813598233154534
41.405658,0.030543486892382704,0.4584549178519227
41.437631,0.030643304930071315,0.4583850609150394
41.471754,0.030552228251753445,0.4583399250925386
41.502371,0.030349309838573868,0.4586791990572773
41.538912,0.030380286753408623,0.45890659678600165
41.571415,0.030522620266837636,0.45866257659629334
41.604518,0.03041504246276014,0.45857837099258847
41.634846,0.03002956902580435,0.45834659446177206
41.662261,0.029913742238460803,0.4582949383678846
41.691993,0.029788080703144447,0.4585898978050518
41.721334,0.029731846484688546,0.4585621678605852
41.752746,0.029871424429817335,0.45847435162888206
41.784093,0.029959205376845932,0.4584466135154005
41.814474,0.03008816156429016,0.45886442372748104
41.846721,0.030131340804689863,0.4587488553591985
41.877536,0.03035208693205875,0.458543905334462
41.907697,0.030305788879510694,0.4586492599067613
41.940256,0.03027318410619284,0.45853531606120534
41.976618,0.030447648413786582,0.4584026800889359
42.0047,0.03031933277941396,0.45855978102574846
42.039595,0.03018815999545311,0.4582623777763354
42.064535,0.030350138604366368,0.4584700094246283
42.095872,0.030258324582682558,0.4585264452902863
42.127363,0.0303912770375754,0.45851306617516996
42.158021,0.030564725648621907,0.4582008972782006
42.190618,0.030467081430934004,0.45823599085337685
42.2222,0.03035545638885845,0.45842392970709733
42.257903,0.030432389656014483,0.45860974799307297
42.288043,0.030309792146598367,0.4586483664065448
42.318737,0.030421207894743032,0.4586225329562915
42.350442,0.030301964913708353,0.45865731588079783
42.379157,0.030289620863330036,0.4585927576398052
42.413643,0.03041846112147189,0.45865444395965715
42.483057,0.030351482470975834,0.4586919112783518
42.538526,0.030265788086357277,0.4587203378128303
42.594875,0.03023525993642389,0.4586188038441643
42.628918,0.030364008999685697,0.45866779468230134
42.659985,0.030277114813302135,0.4587489017570039
42.69065,0.030210991520029228,0.45871212125885624
42.713322,0.030072300879000965,0.45842781890181394
42.743065,0.030220498180377024,0.45865430394931017
42.776618,0.03022995943843452,0.4585262941527999
42.807256,0.03023274508380283,0.45846376866559635
42.834471,0.030419341098113575,0.45835259691200964
42.867243,0.030287888605982666,0.4585818180911304
42.898544,0.03010728408566457,0.458474105659206
42.928538,0.030328124846219412,0.45843090240573436
42.958818,0.030439443759262136,0.45856395301313085
42.989147,0.0303319643293795,0.4587048228180768
43.021081,0.030069271934378534,0.4588059440173162
43.056093,0.029995722719673185,0.4584742812754926
43.088254,0.03009132334744007,0.45840816397563133
43.114238,0.030133554052894806,0.45842947353290375
43.14597,0.03015533825815702,0.45842969171759285
43.176623,0.030311927882260968,0.45852584964821497
43.209119,0.030314921134411116,0.45834329454851974
43.241867,0.03031701641091622,0.45821550597873306
43.272012,0.030120765743317623,0.4582717426328746
43.301431,0.030350788090987693,0.4581857686635078
43.328449,0.030314664165729865,0.4581785068688149
43.361669,0.030393904220946837,0.4584715153817483
43.396589,0.030165827003937704,0.45842825772671936
43.43018,0.030298486237203298,0.45866905929263757
43.462238,0.030225951516760042,0.4586562315337998
43.495251,0.030175177212449764,0.4586472521026134
43.529626,0.030336937376980976,0.4585881001610994
43.562752,0.030252867314604418,0.4585995601417231
43.591912,0.03039999236551051,0.45857872155915946
43.622058,0.03051719840289143,0.45868054242261125
43.652623,0.03029654304826946,0.4583719357642483
43.681313,0.030213559023551974,0.4585382599984671
43.71579,0.030261083303798224,0.4583798857081478
43.743398,0.03017333126439282,0.4580125687603137
43.77347,0.030255866258954406,0.4578998391487983
43.801253,0.030073130425543368,0.45803715023012465
43.874355,0.03017274322133416,0.45799533985881064
43.902403,0.03008442245339163,0.45792387251038985
43.932851,0.030316676988605313,0.45791820016290485
43.962119,0.03052252366501347,0.4577506952360274
43.988329,0.0303540154948908,0.45818453739210974
44.014021,0.03043330495641177,0.4584352443326265
44.045067,0.030122136196095557,0.4586799401835725
44.077537,0.03010410072596785,0.458768329139281
44.110974,0.030341841109438154,0.4585803089350562
44.144444,0.030411091327160984,0.45875414475471477
44.177233,0.030399788981321722,0.4585057118065108
44.205246,0.030150995970716365,0.4586070570318762
44.236469,0.030217564093237323,0.45846159806631054
44.265335,0.030023438549057285,0.45857617741373613
44.297655,0.030232133501480962,0.4586428378014088
44.327941,0.030224343872167325,0.4585790467055464
44.358532,0.030228814187415798,0.4585006954525189
44.388847,0.030177181081908793,0.4585383768457168
44.417736,0.03029650097773124,0.4587797060514088
44.447982,0.030266682574947218,0.4586266283624586
44.482494,0.03044309734191465,0.4584665986998132
44.511011,0.030372018560470913,0.4584556793344295
44.544345,0.030323410057814162,0.4583915752788974
44.572811,0.030270446033928658,0.4585002678468242
44.604582,0.030171907838838996,0.4587255728725682
44.634023,0.030188650032043844,0.458674243960665
44.659643,0.029947141096604138,0.45887401730986477
44.687947,0.030151951250859683,0.45901826641778576
44.714738,0.03015291876465083,0.4587804509726593
44.744329,0.029998222361594443,0.45860537027013304
44.779294,0.029907902327093484,0.458385860863173
44.809046,0.02984016716265589,0.45839341398079275
44.83772,0.029903990460919704,0.45851963302691134
44.871961,0.02982308518483356,0.45848059037168365
44.91995,0.02989203307644408,0.4585806565005349
44.970499,0.03019455995689945,0.458392459706777
45.013631,0.030154797358530577,0.4585670928055242
45.057098,0.030059616624069682,0.4582523236598508
45.080859,0.030114649522927132,0.45821552882076855
45.113998,0.03033667420550059,0.4581788290206302
45.142551,0.030291218056208984,0.4584047124847368
45.17239,0.030105529361217187,0.45845245800864864
45.200633,0.030340122623517388,0.4583122694265496
45.22745,0.030256691225163133,0.45851095960936505
45.256316,0.03032303655242363,0.45827152940115423
45.285216,0.030483706857927714,0.4581615599864399
45.317874,0.03023315863938893,0.4582513969154728
45.345487,0.030241456471306438,0.4583086143640777
45.373081,0.030142450372075684,0.45810935094909566
45.403304,0.029928969544954054,0.4579199327674477
45.42971,0.03020785995269901,0.4579154423428454
45.458712,0.03027472444933216,0.45850698054701233
45.491071,0.03026408059143118,0.4584502491415451
45.521246,0.030273772000473383,0.458482643876735
45.554078,0.03039483150188242,0.4585629161596144
45.590566,0.03048343609264374,0.45860954915284036
45.6193,0.030437335549231528,0.4584152594840451
45.6507,0.03021525473634929,0.4584579723025507
45.680633,0.0304070978548961,0.4583485394578777
45.707891,0.030310005600828527,0.45857355087033125
45.735195,0.030312430569435177,0.4584331995479449
45.766983,0.03028103797011923,0.4585261146587659
45.797003,0.030090750623358746,0.458475543087102
45.826735,0.030351994020769418,0.4583345175959308
45.855375,0.030449586916089646,0.4584592277630515
45.883547,0.030344352961266453,0.45852383339177
45.909747,0.030296715002237844,0.4585185245140324
45.941329,0.030417456868475037,0.45862528848893946
45.971588,0.03022842717690244,0.4584381413238571
46.002016,0.030231672500730375,0.45840206168533637
46.02919,0.030137531665576076,0.45873711601603917
46.057811,0.030165899875590006,0.45865973996118925
46.088379,0.03036372219073788,0.4584670316864784
46.114571,0.030326028646862617,0.45851486585366874
46.146888,0.030284095853353815,0.45854606095234257
46.179147,0.030016809165328433,0.4588323454488892
46.209034,0.030024993975356004,0.45878008050726893
46.237395,0.030271196791605497,0.4585270854841166
46.267617,0.029996398315184754,0.4582315873212958
46.299965,0.03026644942188999,0.4582045896624666
46.330097,0.030051296973400497,0.45832513934797037
46.359134,0.029981075504840637,0.45813913957772845
46.387557,0.030060423434371604,0.4581859118893617
46.419658,0.030105293469544644,0.4582027380673499
46.448095,0.02996023437514054,0.45832840298671396
46.478143,0.030091036571005016,0.4581522781306625
46.508421,0.03000983255511256,0.4580732740022624
46.539161,0.030085128212312975,0.4581839283248304
46.571003,0.030109338936744213,0.45833850880050286
46.597895,0.02996771648205981,0.4582960107496235
46.630226,0.029962627393746034,0.45862931698556714
46.657586,0.02998971262268281,0.45868476513025336
46.681812,0.03002129822308261,0.45873807170091097
46.710979,0.030212344284197758,0.45874053546457105
46.740249,0.030167246387639388,0.45881074583598
46.779247,0.03016362536039662,0.45863518656539537
46.810636,0.03016488820225694,0.45850272853049967
46.84134,0.030363014019404735,0.4583571236849957
46.866671,0.03025744840384763,0.4584810780549837
46.896333,0.030437795153924516,0.4583082440441206
46.92761,0.030372055974769673,0.4583338787219672
46.95967,0.030239457959947643,0.45867849817308026
46.989152,0.029996509405486146,0.45883519750140667
47.022256,0.029900883981842447,0.4585443080555577
47.05032,0.029989750677825062,0.45846184976536286
47.086574,0.030026974823213353,0.45858311276979025
47.115225,0.02994236601620487,0.4583940807475918
47.144069,0.02993764401486218,0.45877823555926395
47.205894,0.029941576666707694,0.4589668743523154
47.232663,0.029811153375061777,0.458844227880094
47.267655,0.03014066493170132,0.4586238715081389
47.295227,0.030312778780457066,0.4585717337449672
47.322729,0.030402515330133516,0.45871321081958183
47.348498,0.030287739620856815,0.45877715253720064
47.379351,0.030374381458140073,0.45883564464969007
47.409248,0.030323917441828704,0.45871401149934327
47.443349,0.030289739274764617,0.458572407794337
47.479382,0.030449245803206355,0.4584623864915355
47.514592,0.030169377205624612,0.4586330735820997
47.545355,0.030178835314510367,0.45846753407487545
47.575594,0.030143790108858218,0.4586196448631932
47.607366,0.030163650141685275,0.45850635114903193
47.630998,0.03014335791127915,0.458501834477151
47.662296,0.030303541639446457,0.45857634957990556
47.692279,0.030271674181818434,0.4584856109962171
47.718505,0.0302964162603613,0.45824911832826476
47.745544,0.030455083660077785,0.4581795965434312
47.776638,0.030377690452589805,0.4582065517068743
47.805987,0.030135527000604023,0.45839764496213076
47.830098,0.030169816324655777,0.45851572825876985
47.864268,0.030034515752574993,0.45839413634993315
47.892013,0.029742497027841045,0.45836195987900474
47.921805,0.02992599225257713,0.458162562546216
47.959384,0.030220695635680504,0.45823923304474135
47.987497,0.029889954997303986,0.45832539288557617
48.021293,0.029978844298662773,0.45841342987467776
48.048288,0.03001369039626859,0.45854813702200803
48.080444,0.030035436777158177,0.4585956185371326
48.148431,0.030271234054881843,0.45847863401149236
48.176114,0.030004949912590742,0.45873709034544385
48.203923,0.030026145608836485,0.45868750073647013
48.238351,0.029997697330643586,0.45881633123452314
48.26677,0.030051606868695117,0.45871024640884395
48.293771,0.03005473019678754,0.4587895434969711
48.323982,0.03005691652645224,0.45884505145866006
48.352881,0.03013984753047116,0.45866879386884796
48.37923,0.030103872161093167,0.4587460606716869
48.40721,0.030319138823636342,0.4585839435056803
48.438337,0.03008914682624894,0.45873934400252203
48.470853,0.03028469847242743,0.45879431029677575
48.500395,0.03042158462475237,0.4588327867027534
48.529533,0.030336165274275816,0.45885482068513717
48.558615,0.030402514901325534,0.45890644535381014
48.589651,0.03035467831700623,0.45867341400654005
48.618865,0.030297483097878157,0.45858595717976114
48.647248,0.03028267373786066,0.4585524088573528
48.676441,0.030270789502580817,0.45842558845901993
48.710214,0.030395466195507745,0.45855211509781235
48.73819,0.030385229289407262,0.4584941636071802
48.770291,0.02998329202077022,0.45855933918380143
48.795747,0.03021399310299616,0.45859741613940774
48.825109,0.030117364828767403,0.45827709050946897
48.857063,0.03012950343240044,0.45829784659923534
48.882641,0.030051562916677384,0.4586391046828726
48.925679,0.030299119079618485,0.4585126595328936
48.962222,0.030472408393677257,0.4584241479279083
48.988919,0.03054321553484532,0.4586412378896313
49.024131,0.03038737026177995,0.4586704093341356
49.051909,0.030486885700386827,0.4587088001456884
49.090822,0.030556546507411644,0.4587356737137753
49.13039,0.03030410202909848,0.45860455866820043
49.160002,0.030272577750668314,0.45860060260014235
49.204481,0.030015988457788793,0.45879022820513987
49.226777,0.030173854843788185,0.4589706915677098
49.266869,0.030183492932427905,0.458807194296753
49.304757,0.03018968974162766,0.45882814411815487
49.332722,0.03031250179784238,0.4589022199228161
49.370523,0.030081164910730894,0.4588618854622371
49.40188,0.03010602371348542,0.45871788719874906
49.44178,0.0301245670494191,0.45856061897384726
49.473871,0.030103070381653954,0.45863667652204954
49.504545,0.030242036832234115,0.45880050428347513
49.536392,0.03035375369042416,0.4589227117831082
49.57011,0.029964861643465172,0.4587884053005973
49.599365,0.030041087454066938,0.45865387152532133
49.630948,0.03014062813158272,0.4584943682117221
49.680908,0.030073800607172713,0.4588017305845091
49.710427,0.030024275987400255,0.4589688637633968
49.738202,0.03023014646404738,0.45886959941644406
49.77477,0.03028456049306818,0.45857117889345933
49.804503,0.030298081278806323,0.4585160019260136
49.837623,0.030215776282552655,0.4585827441596032
49.872897,0.030220155899825338,0.4584563897160816
49.905608,0.0301799626296479,0.45853139542298404
49.945387,0.030603556042115183,0.4589492162856441
49.978544,0.03045213134948433,0.45886682535758483
50.008449,0.030280380269436184,0.4589917564976772
50.04479,0.030411992705746193,0.45893374316016755
50.073935,0.030061317201275216,0.4586123065400516
50.307233,0.030092130316866444,0.4585431819532192
50.394605,0.029922937439879876,0.4586187753838016
50.424326,0.030009053273400435,0.4585057425134578
50.454612,0.030012316181143656,0.4586319247229138
50.487863,0.02991154751103756,0.4584609273612764
50.518809,0.030001080323210815,0.45839524889769023
50.546621,0.030274776644772308,0.45825314360208613
50.579912,0.030620415627048623,0.45826430207633084
50.608378,0.03100117617185945,0.4584821567962584
50.637696,0.03162417301371916,0.45868173680911584
50.666683,0.03210617345754958,0.45873980531639935
50.69567,0.032663244451376396,0.4585822827287809
50.722998,0.03323026129276039,0.45850794063685407
50.750295,0.033979451060983906,0.4585136848953828
50.829612,0.03481313253987368,0.4586905742473627
50.92431,0.03576923152689114,0.4588325732301729
50.952528,0.03677090027549647,0.459029452934438
50.980347,0.03786418053540734,0.45910568520844164
51.010025,0.03857524356865091,0.45935602923029784
51.039387,0.039382377149028,0.4597526506369897
51.070146,0.04029564320241778,0.459974567199738
51.100888,0.041099437141783615,0.4602635990316607
51.156843,0.041959546526330015,0.46004305318141536
51.179948,0.04290973582768451,0.4599557173709193
51.21402,0.043773460211682394,0.4598415371499541
51.242721,0.0443346099065042,0.45992571748350636
51.278081,0.04461017868959978,0.4598474397851845
51.304992,0.045477079082835235,0.45998166960633535
51.330078,0.046361778388933295,0.4596245991538933
51.362064,0.046793353505294684,0.45954649002807135
51.394399,0.04720594633435489,0.45966224120080224
51.426755,0.047526393499679326,0.45975877018982
51.522938,0.04867096684048064,0.4597097180341648
51.554869,0.04935298198629062,0.45949094389264555
51.58211,0.050319783974866555,0.4595338357097838
51.614122,0.05119669515632226,0.45942097870755727
51.644745,0.052013131406106985,0.4594430355009831
51.674338,0.05281609241996099,0.45990271165412444
51.704609,0.053456616390583134,0.4600585545709654
51.734712,0.054260668672309366,0.4602259468960411
51.767987,0.05495872436665518,0.46038879954311773
51.796212,0.05585079105786597,0.4603886684024877
51.82503,0.05667514836752892,0.4603354062806748
51.852895,0.05751911851441002,0.46074103597003496
51.880215,0.058199334759241286,0.46064037480194164
51.913317,0.059186403362063725,0.4607950923717733
51.943478,0.05992707618641427,0.4606701229526302
51.972221,0.06041734261808097,0.4607792413393249
52.003547,0.061260105077903554,0.4611124546638839
52.033538,0.061997964862124874,0.46155328014673774
52.065392,0.06271506912330362,0.4618086071950931
52.095033,0.06378986360404591,0.46188497409223683
52.128461,0.06427799086016009,0.4615308960825147
52.15844,0.06550294254391503,0.46135987782328913
52.188038,0.06637615999498346,0.46115263562097863
52.217513,0.06730566972139343,0.4613742687551806
52.246507,0.06776867695202435,0.46151389089962247
52.277996,0.06881374415044986,0.46156371320702916
52.305869,0.069354101095592,0.4617274600246827
52.337626,0.06993534500578692,0.46179144269083894
52.361515,0.07097682863102114,0.46211881021756396
52.395658,0.07163150739409554,0.4620710025833937
52.427206,0.07257175537165622,0.4623459555134003
52.457952,0.07341053549996648,0.46243385217561095
52.489755,0.07411167323774241,0.46277260402224096
52.518414,0.07484797895084122,0.4627912107464387
52.547965,0.07548860517234811,0.46310872876144443
52.587869,0.07620274315241819,0.46311676333792895
52.619719,0.07704833848252586,0.46306329847687006
52.645879,0.07788621378026687,0.46280697799642345
52.677571,0.07878925397453306,0.46285204561396065
52.705903,0.07947266594688414,0.4628779066631251
52.739459,0.08042331533913039,0.4630852571249343
52.779789,0.08120872277119712,0.46294260142090277
52.812196,0.08191693041393427,0.46295503757883755
52.845638,0.08304944783020504,0.46348369804762557
52.873753,0.08407037213144641,0.4634585994623097
52.918487,0.08487502513615845,0.46379310614858016
52.946384,0.08557801638843607,0.46423207430934665
52.977741,0.08631900138021899,0.46425481434888666
53.014623,0.08731413613213077,0.4646081095671546
53.045237,0.08803037093398056,0.46500772098850446
53.078786,0.08873443877122755,0.4650851567795462
53.109619,0.08955177990392217,0.46532264611595975
53.157638,0.09007050026910264,0.4651197004619426
53.181785,0.09052813227593631,0.46529307522497876
53.213105,0.09143007817798665,0.46538922479436406
53.247514,0.09238047566069829,0.46568187975366837
53.275174,0.09319791785118547,0.46589844159718297
53.317228,0.094215552894933,0.46579700422987497
53.347929,0.09502974090185172,0.4660006562758844
53.384524,0.09580826790178304,0.4661333421789161
53.424567,0.09674006945621111,0.46632778862573565
53.447433,0.09760669268878099,0.4664683893682609
53.490615,0.09833057724831756,0.4665599523736471
53.518322,0.09937409363566617,0.4668191682425542
53.561018,0.10053520164554461,0.4669444807161075
53.593522,0.1010648186819315,0.46717880005165213
53.62751,0.1021787326109004,0.4674959240771034
53.65438,0.10296194805702709,0.4676648568006047
53.682363,0.10371474859913984,0.46772966222208556
53.710465,0.104451603009905,0.4678209096726703
53.763294,0.10536318115415563,0.4677441636101255
53.789075,0.10602100679691306,0.4678764793836171
53.828975,0.10677411375036805,0.4679631548617449
53.856759,0.1078687926363317,0.46809403898774743
53.894668,0.10875151149053947,0.46846556426804675
53.922091,0.10961151534451745,0.46863894296889486
53.961028,0.1103416851649045,0.4688992375457633
53.989118,0.1112314760727238,0.46911874433627165
54.027191,0.11193370297847051,0.46889240159779094
54.06663,0.1127397575250119,0.4690370960030209
54.137346,0.11348410380776675,0.46934757650845005
54.163535,0.11471092480448053,0.46953226143784244
54.207263,0.11557896429915246,0.46974444796906745
54.239857,0.11627368997765888,0.4696412085213938
54.264433,0.11697077264252619,0.4695075183215811
54.292601,0.11784469591482799,0.4695507993670456
54.32455,0.1185480217619044,0.4697769599418349
54.353041,0.11915743721905467,0.4702160638652597
54.425309,0.12039822599657557,0.470248215144639
54.455644,0.12105570617276157,0.4705037603001151
54.493546,0.12213578738838839,0.47052180771571867
54.535956,0.12326785418042824,0.4703370035010549
54.561653,0.1240300500875165,0.4703689307195525
54.596729,0.12482902309694041,0.47079251141903855
54.697559,0.12588933637717073,0.4714248036552532
54.736759,0.12710907828495,0.4719194788382793
54.764827,0.128085161647991,0.47230201493227886
54.795698,0.1290333239051272,0.47231493563818017
54.825733,0.12984483167219146,0.4724097661173041
54.873988,0.1308050975926875,0.47237388376364975
54.904854,0.13146987636980526,0.4725399539746732
54.930432,0.1322032099571623,0.4723318882897022
54.969946,0.13310735920317554,0.47275161620777506
55.006751,0.13370674053304699,0.47281244013469576
55.034518,0.134596914446665,0.47307217746608266
55.106339,0.13558670309923013,0.4732359333906866
55.131633,0.13646685828188404,0.47344926782965735
55.212811,0.13747495834622322,0.4735070223804717
55.239766,0.13846949336146788,0.4740391084191683
55.275895,0.13933990416974656,0.47375861168367045
55.302308,0.14035061560705883,0.47424270463311335
55.351879,0.1411245519304763,0.4742833080552673
55.379628,0.14208443692020012,0.474848190135147
55.407627,0.14301414352142813,0.4749708805784286
55.438981,0.14379745714901687,0.47521869778765147
55.490159,0.14450451875852705,0.47562007713410287
55.513895,0.14510454189369093,0.47559899017875507
55.541328,0.14583277072620696,0.4759060318069217
55.581319,0.1466924250749609,0.47613288783605795
55.6132,0.14740697894886162,0.47600439564886815
55.644631,0.14805542129354196,0.4766358491137841
55.687042,0.1487914859121398,0.4768958339540812
55.711876,0.14934459499575187,0.477000584663357
55.742335,0.14992152870138725,0.4769425892064809
55.787814,0.150878717544756,0.47699736279854055
55.812282,0.15181082837795928,0.4770112157446763
55.852405,0.15246436096341412,0.4771244907784298
55.916235,0.1533455199795733,0.47769242814039037
55.953418,0.1539767124015529,0.4780700554807821
55.99428,0.15450852179834318,0.4779970084877697
56.02463,0.15550436620927205,0.4778939480261327
56.056572,0.15641476443917993,0.47825790606671814
56.086924,0.15717203629074503,0.47879615936591197
56.11882,0.1580673227552633,0.4791667139504331
56.155441,0.15873304495124443,0.479203693388083
56.186793,0.15977619481321073,0.4793762690054624
56.213628,0.16059633865520484,0.4791589258471205
56.254182,0.16117656819219975,0.4791284863999835
56.294955,0.16192073190745623,0.47930307839273867
56.321623,0.16275981908217904,0.4795024331189356
56.360174,0.1633450969221501,0.4798346713229033
56.388716,0.16431599447266418,0.4799856005639641
56.426307,0.16516132516061574,0.48020672907149453
56.452445,0.1655836930242848,0.48046300487519267
56.497338,0.1662424903370311,0.48062077039242457
56.529368,0.1667821030696391,0.48062124462557304
56.563218,0.16739874080976955,0.4811032655650648
56.601376,0.16824032264265196,0.48135780890484553
56.628933,0.16867083537696742,0.4815560521661235
56.666545,0.16939053843104104,0.4820185650771156
56.696082,0.17017107195435247,0.4820959453353988
56.73007,0.17064436863605972,0.4821479657489851
56.763463,0.17110528512320278,0.4822380063373999
56.797794,0.17171130204662632,0.4824093334086149
56.82515,0.17231631266201997,0.48264228170565626
56.862067,0.1732620506583435,0.4830575268051654
56.900035,0.17413571589878674,0.48329455419452394
56.924784,0.17477694679880174,0.4834257119382419
56.968822,0.1756326727142813,0.48367060496802117
57.00049,0.17622980777915492,0.48367895178076115
57.030521,0.17668881330040415,0.484220154528355
57.057335,0.17769138037366788,0.48426841419058514
57.094209,0.17838074081582014,0.4845118731735371
57.120952,0.17898154725044496,0.48473652872788464
57.162999,0.17937310813453464,0.4853274739915459
57.189977,0.18030482028932043,0.48539705296298163
57.239446,0.1811029130866872,0.48550299658336443
57.272041,0.18149605892653492,0.4858066111581598
57.305036,0.18210941604563255,0.48585767237781996
57.331629,0.18301363772404253,0.48631668569552555
57.360237,0.18368336151417533,0.4865329775942897
57.394288,0.18432805402341987,0.4867357819888467
57.438889,0.18477757299228958,0.4870800462096365
57.470721,0.18557651804883396,0.48699385530855277
57.498064,0.18625795420904337,0.4872196686761996
57.541965,0.18694800291289454,0.48732400444628743
57.570982,0.18778676050584212,0.4874443000081913
57.609763,0.18821985155718013,0.4875420073535656
57.637319,0.18865255704783934,0.4877516118592651
57.675293,0.1895737537134138,0.4884131135080896
57.701286,0.19026593236842881,0.48887524377050484
57.750305,0.19105744518939047,0.4893567975314432
57.776464,0.1919507141974804,0.48932762058241974
57.805391,0.1928380051500664,0.4889542269524402
57.834712,0.19360875372816583,0.48956739460145693
57.874162,0.19406532594870152,0.4897978692084618
57.912573,0.1948441296271228,0.4902682634374546
57.943074,0.19548499341966907,0.4907221816506716
57.973847,0.19605078825666047,0.49109583057649064
58.014386,0.19661396861592406,0.4912329571483631
58.041478,0.19746816689137253,0.4918498754428495
58.078791,0.19809527917757175,0.4920897972532777
58.106295,0.19876726574538328,0.4922330214941568
58.141373,0.19964307223545236,0.49237148205984105
58.174022,0.20047054809680287,0.49241481391970243
58.203425,0.2013421330416748,0.49285014190146076
58.244282,0.2019522425030852,0.4931548714886916
58.271061,0.20242488091653874,0.4931974417145618
58.311015,0.20336780790315473,0.49330194039373576
58.341483,0.2042572929529198,0.4939441290523636
58.378005,0.2050156880266958,0.49443561086239607
58.405847,0.2056832410090412,0.4942668365878615
58.446184,0.2064436667199206,0.49455437870918983
58.483016,0.20687346410003205,0.49446396796375003
58.517169,0.2075298580117308,0.4946568224621677
58.549561,0.20837829429021457,0.49505987163931175
58.583704,0.20904634488302154,0.4955974238871041
58.625042,0.20952330544466155,0.495836765808955
58.656604,0.2105083287796583,0.49604462769644125
58.690314,0.21128813721029405,0.49624101252269415
58.722953,0.21201512374581805,0.4968803768519378
58.754618,0.2130013849404587,0.49704991197731807
58.780637,0.2138064545638356,0.49733401627642615
58.818252,0.214324302928934,0.4977042198569764
58.87275,0.21524728012095157,0.49806677940227906
58.901827,0.21610597392327768,0.49848739554402055
58.963131,0.21685528739576565,0.4987972763671654
58.993771,0.21776649195948758,0.49907872689226507
59.023752,0.21855935342410865,0.4994569612415777
59.053316,0.21918986510346095,0.4994812205444278
59.114086,0.22013740529394976,0.4999659614272267
59.144751,0.22100092374129873,0.5001413613115893
59.177257,0.22163466296584056,0.5004032048273684
59.237317,0.22256303605828137,0.5008495484672011
59.265077,0.2231147015509547,0.5013699317393119
59.296888,0.22397132238668985,0.5017974286369671
59.327278,0.2249017180467243,0.5017330225670866
59.35574,0.22599063764266336,0.501998377189554
59.392349,0.2268323954460672,0.502646055461826
59.421522,0.22766928767784,0.5029785877955987
59.462154,0.22852704800105583,0.5030247859701636
59.493235,0.2294080661123548,0.5032901013673927
59.524542,0.23002477879026412,0.5034758221454531
59.561939,0.23107125785240742,0.5037549217485364
59.59346,0.2320215393940851,0.5038968082229378
59.622922,0.23287443298977328,0.5041097113661028
59.661584,0.2334263348104278,0.5046162105024298
59.696547,0.2342027486826185,0.5050360269838877
59.73592,0.23470779339727188,0.5053453480448341
59.761866,0.23545138941386834,0.5056273008060664
59.809237,0.23620364054367587,0.5055936222543862
59.833761,0.2369750975472525,0.50577956355506
59.872118,0.23800639085292385,0.5060290271225142
59.90361,0.23866678417348558,0.5065027894504663
59.933759,0.2393728097124555,0.5068972225337682
59.970308,0.24019454766219464,0.5071861108883838
60.007354,0.2409256229225191,0.5075121256233488
60.037922,0.2416167125698303,0.5078160278762245
60.075522,0.24250284243796888,0.5082151193355923
60.104374,0.24330277876478668,0.508468537455279
60.142847,0.24398003166412874,0.5089523278155276
60.172283,0.24476529411322767,0.5088932452335798
60.205509,0.24558525061898256,0.5094230727766346
60.236979,0.24632974608148112,0.5097648769110514
60.26553,0.24722236544274767,0.5097686060908487
60.307109,0.24801082268623942,0.5103483742525314
60.342114,0.24856274275668364,0.5107542119657094
60.394535,0.24944287701528794,0.5107732782328691
60.421086,0.2501282345737722,0.5108967024778521
60.450744,0.2507010753989214,0.5113273162729182
60.486889,0.25161783488869627,0.5116551925103512
60.52494,0.2525656423429248,0.5119393514148843
60.556621,0.2533208569905875,0.51240045751996
60.590417,0.25386596706660614,0.5127520208369395
60.622594,0.25476915330694533,0.5133566370971491
60.658983,0.25569808963641016,0.5139116185861073
60.691568,0.25641285219384374,0.514247856196768
60.720585,0.2573612758220752,0.5145401568809199
60.749564,0.25807943345020845,0.5149181632319424
60.781708,0.25876221836246494,0.5151872201446228
60.809981,0.25945264345850755,0.5149927908756805
60.846521,0.2600803153963123,0.5152333977028658
60.880434,0.26092744410791635,0.5158179046256791
60.909876,0.26178766269019293,0.5160003234029229
60.944296,0.2629001149035666,0.5165469418323329
60.979842,0.26381493567904046,0.5171824891616308
61.024583,0.2644849218093966,0.5173290570055029
61.052061,0.2649131693457097,0.5174607117605414
61.078355,0.2655720099419525,0.517690324360385
61.111844,0.2664459188011407,0.5180001840015034
61.146748,0.2671612240333342,0.5181396056725428
61.175069,0.26816767714632433,0.5186023925403447
61.212169,0.2689281005019845,0.5190426796934787
61.249909,0.26941384264314483,0.5195247951331982
61.286014,0.27036531639038536,0.5199167069026106
61.314152,0.27111172487693336,0.5203289285659582
61.352153,0.2718096451684844,0.5207382188987586
61.38234,0.27269573745206077,0.5210923316802876
61.416294,0.273439866462872,0.5216519369590686
61.487735,0.27446454714901036,0.5220203254357859
61.533763,0.27568634714500856,0.5226345020150263
61.562305,0.2764558390386077,0.5231846958727223
61.58903,0.2773463802461843,0.5238118204704332
61.62302,0.2782213592377816,0.5241552674037203
61.660171,0.2792328678263485,0.5244637547218193
61.693657,0.27995797374698334,0.524973469257193
61.725958,0.2807233975847261,0.5252545953749478
61.753013,0.2814327331944096,0.5258299864005249
61.783531,0.2819556878799847,0.5262315441836756
61.829461,0.282456304704771,0.5261884986131279
61.854865,0.28336195374820417,0.5265583377220453
61.903974,0.2843283857673968,0.5268065141436213
61.926619,0.285076825026611,0.5269984587786325
61.969008,0.2856925534633375,0.5275478829274982
61.995544,0.2864549145300491,0.5278639762134638
62.036152,0.2872044225175691,0.5280890323690475
62.06588,0.2880066956825712,0.5288006624162525
62.096989,0.28877705216639843,0.5288144143825998
62.149719,0.28953692233724915,0.5291424904946844
62.175525,0.2904401832949565,0.5298860013762168
62.200887,0.2910724659653517,0.5304064589932894
62.230162,0.2917412724022476,0.53076530761885
62.269849,0.2924960756447996,0.5313324837600901
62.302203,0.29302443791458604,0.5317295070589582
62.344547,0.29399431954146144,0.5320423636109332
62.37297,0.2947969133379509,0.5324984347114453
62.40533,0.2954508896972452,0.533034442732994
62.445576,0.29586301301062107,0.5333741180193274
62.473664,0.296788497148931,0.5339194864495888
62.506428,0.2978902730994284,0.5341969600642726
62.534025,0.29853630180726465,0.53467909991021
62.583381,0.2993449695994358,0.5352611795017375
62.613846,0.3002011447810064,0.5357193110847946
62.644494,0.3007535376910419,0.5362150977974269
62.67559,0.3012754318252042,0.5364097632614367
62.704225,0.30204215923889327,0.536872740025651
62.740549,0.3027577181255886,0.5374432293621024
62.780319,0.30371292190921784,0.5377855302525684
62.806828,0.3045601639153633,0.5381477178278751
62.844166,0.3054636811317455,0.5388219446738789
62.873541,0.3060920841069038,0.539243942852831
62.908256,0.3065768037835469,0.539434216866107
62.94754,0.3074724334696727,0.5399876929466405
62.979012,0.308144024089362,0.5404436119398609
63.012551,0.3085246232676208,0.5408743530115281
63.040764,0.30957790446970757,0.5410920974334633
63.075864,0.3100540703821751,0.5414214549168337
63.112779,0.31085257991174864,0.5417632989479176
63.139406,0.3115907617888252,0.542125542230919
63.180186,0.3121365821298937,0.542546679066877
63.207714,0.31298426103153687,0.5427501545757873
63.251735,0.3134938172309717,0.5429662945357537
63.336064,0.314535372879742,0.5440037764848573
63.379839,0.31575970490639094,0.5448039534110737
63.41343,0.31655594952807103,0.5448874308360853
63.456728,0.3174988525463511,0.5452047160849239
63.485307,0.3182397532609461,0.5456550717462784
63.513999,0.31875154412817464,0.5460816681461313
63.555168,0.31993043746473443,0.546695802813147
63.587386,0.3206359379305982,0.5472696065344037
63.620107,0.3214186979303936,0.5475663768854077
63.64829,0.32219407231401664,0.5477215805972053
63.694495,0.32290121803237876,0.5484208635019365
63.726792,0.3232544742294919,0.5490408063003394
63.759248,0.3238608924138685,0.549299957757024
63.78883,0.32474389089263456,0.5495269076857762
63.814114,0.3257200289684721,0.5502199256205218
63.854384,0.3264614401502144,0.5502708600609064
63.883379,0.32708401488958916,0.5508312794222426
63.919999,0.3275941591003476,0.5510310797748759
63.965834,0.3285354004678385,0.5511273809473173
63.99202,0.3293815859619855,0.55176699635787
64.023334,0.32975059508530846,0.5517384383497856
64.071992,0.3303438378520209,0.5519824486367658
64.097213,0.3311849442326207,0.5527568601543634
64.130585,0.3317615772328998,0.5530536154987862
64.157525,0.33257498140430025,0.5533331559159075
64.196576,0.3333641355902642,0.5534946807464362
64.224727,0.33409786084984566,0.5537319522865891
64.258107,0.33479376933759825,0.5542313873010671
64.301356,0.3355659704531278,0.5547961764997698
64.330997,0.3360589646088612,0.5553684832082708
64.361673,0.3369666359773549,0.555696535209672
64.407004,0.33767071518956526,0.5561783171394461
64.438792,0.3384977649406714,0.5567647595891649
64.464176,0.33910125986032547,0.5573706056458261
64.499512,0.3398658131232361,0.557849593763327
64.527422,0.3406189656525204,0.5583579773340054
64.558022,0.3409451140352631,0.5585573836409449
64.607064,0.34175006601929475,0.5588775880108654
64.633296,0.34265505808198315,0.559512591846711
64.662083,0.34316136217437887,0.5598492339666173
64.712571,0.3442497615359812,0.5602605323782404
64.742176,0.3451047495047065,0.560818736409504
64.770965,0.34591801449933335,0.561497512716801
64.805555,0.34659898717895227,0.5616485737573362
64.833585,0.3473933667718028,0.562181663907357
64.868985,0.3481959006731767,0.5628436472790952
64.896406,0.34894030601596243,0.5634322232747337
64.936912,0.3494589847084958,0.5639675186793985
64.976267,0.3503021126220579,0.5642688044612296
65.004469,0.35087316012988173,0.5644489485118073
65.042605,0.3516388897461372,0.5648257822459237
65.074102,0.3525093361788863,0.5650732222662078
65.109404,0.35317098752038795,0.5653029176022604
65.144097,0.35395037590229494,0.5657148485082583
65.172165,0.3546480290207742,0.5663699475217597
65.210308,0.3553962922572528,0.5666864849231755
65.245784,0.3562322141265476,0.5671532150081278
65.279677,0.357042852746936,0.5678285953581369
65.31825,0.3576855625661657,0.5681443093246247
65.344881,0.3584225720332773,0.5682989512501376
65.37312,0.35925840361085515,0.5688368010752153
65.4115,0.3600273869059174,0.5693392703695025
65.444276,0.36052156181486267,0.5698544705742645
65.476699,0.3612708080206938,0.5701045500620041
65.511157,0.3622708807265996,0.5710422650147163
65.539731,0.3629687947942184,0.5717205701885698
65.57977,0.3635855352917668,0.5719294517271374
65.614359,0.36419946503912903,0.5724305787009852
65.643608,0.36481346574021223,0.5727958515113591
65.673163,0.3658645194829999,0.5730875019608139
65.720332,0.3664852439803927,0.5734119096462666
65.745392,0.3671332996696367,0.57403519306037
65.77822,0.3675969879952166,0.5746729611100476
65.8101,0.36847465920338685,0.5750843690950875
65.837937,0.36888508281631033,0.5755233988149407
65.87526,0.3696129053539627,0.5761321641493251
65.90408,0.37062511650667734,0.5766113003335284
65.941184,0.37129981483580965,0.5768104930886945
65.978343,0.3721191189278524,0.5774613895136639
66.021837,0.37300392897055074,0.5779816403670079
66.052093,0.3734874421138353,0.5780530975538568
66.09608,0.37397567586552605,0.5782461329693251
66.125063,0.3746891131949033,0.5789120848055936
66.157489,0.37571816619894144,0.5796590962562342
66.186413,0.3764106262094067,0.5801944318401183
66.229614,0.3769845048443874,0.5808219023636138
66.258309,0.3778836981355627,0.5813895737790871
66.290814,0.3785131334393854,0.5817869437699184
66.326043,0.3793332886090621,0.5824682208970453
66.356523,0.3800774492793799,0.5830638831012136
66.398352,0.3808325007142091,0.5834292767054717
66.425679,0.3815756492025678,0.5840004621272104
66.45875,0.38228551214386197,0.584837044957019
66.497854,0.38301089570735314,0.5850497185964545
66.52627,0.38365152295500127,0.585410699232957
66.562038,0.3845517801369136,0.5863868668567924
66.590211,0.38511081009978393,0.5869297973736377
66.624563,0.3859232021263444,0.5873863274551407
66.655469,0.38676779538629874,0.5880975546725474
66.694335,0.38715988347100116,0.5884928996961829
66.725877,0.3882695939582271,0.5890651312392018
66.792409,0.3893591458111184,0.5899256027584019
66.828348,0.39037352166140316,0.5907627691617926
66.867101,0.3911801085183517,0.5909898345523997
66.895107,0.3920707239425825,0.5915846214093513
66.927443,0.39302797353284086,0.5920694221832774
66.953745,0.3935206916452603,0.592392385487248
66.995086,0.3942401111687034,0.5928750577957855
67.027631,0.39546199146860506,0.5935576816771426
67.069366,0.39632672223217846,0.5941486182075539
67.110233,0.3972176711453725,0.5950330014609555
67.136295,0.39819412633633716,0.5955855867175541
67.168876,0.398666063382221,0.5961587026353475
67.205122,0.399476642016366,0.596611471597856
67.23935,0.4002035222675963,0.597486202058349
67.2683,0.4009734872538442,0.5980830280939815
67.301092,0.4013504215569313,0.5984368982187961
67.342191,0.4021105647031179,0.5987319572359758
67.37336,0.4029285079201656,0.5992586648974126
67.406463,0.4036632702919262,0.5999144996761594
67.431659,0.40451040350602985,0.6002715349089622
67.463411,0.40510945854827607,0.6007590496464633
67.518323,0.4060078396079082,0.6014292560763006
67.560218,0.4066773239348329,0.6019548163734665
67.591772,0.40766311074314493,0.6028894057021492
67.63088,0.40811607211344025,0.6035943477453954
67.663283,0.40839461961049645,0.6039678230257349
67.694686,0.4090198202437278,0.6042237840155822
67.722991,0.4096877640937051,0.6045006606421911
67.751323,0.4101805196720358,0.6049554174551794
67.78324,0.4111936136645672,0.6057321009821296
67.810533,0.411665314554554,0.6063264910827696
67.853586,0.41228680201725887,0.6069866272921794
67.880714,0.41272184324115224,0.6074487226387663
67.910736,0.4133766685952226,0.6080408215549153
67.959833,0.4142136848490075,0.6087147855777137
67.985314,0.41498900488659185,0.6093163614286
68.013475,0.4156416726604214,0.6097327259549608
68.061143,0.41641192046270536,0.6100982994991915
68.093944,0.41685379232194064,0.6107155124158524
68.124532,0.4176952797140502,0.6112299052742723
68.148782,0.4185920239067153,0.611847973019612
68.187002,0.4194606697959953,0.6125846398924912
68.217852,0.420084770469097,0.6129188463229525
68.250928,0.4208213152128054,0.613566190759044
68.285569,0.4215648217147902,0.6138783370770918
68.313849,0.4218579858742575,0.6144663584950104
68.353139,0.42249174626089075,0.6149577423836563
68.424529,0.42330466506870446,0.6158291585677903
68.456718,0.42445445118938185,0.6167263966007857
68.492395,0.4253285382292271,0.6174603031916102
68.522356,0.4260718273988485,0.618077732005703
68.557844,0.42679276799259425,0.6186186331662449
68.623528,0.42775016540853666,0.619340318511629
68.647889,0.4287170853237106,0.6200141376748608
68.679232,0.42970266940334,0.6207107232557186
68.709261,0.43074181081351626,0.6214595803203696
68.758898,0.4317586916789202,0.6219422775514682
68.789767,0.43236719853414607,0.6224075705414447
68.817491,0.4329701791277871,0.623042731029173
68.849589,0.4336962134689035,0.6239795287248155
68.890115,0.4340847662821372,0.6241043348965707
68.920873,0.4346899014924438,0.6246345498065515
68.954054,0.4353102272302041,0.6252726336847002
68.983628,0.43587498941869446,0.6259336545438745
69.021556,0.43660748556450635,0.6260201625088676
69.052487,0.4369804003699317,0.6265498364410675
69.092271,0.4377566841447935,0.6272557055065348
69.134288,0.4386762357794453,0.6278052282906095
69.161241,0.4393385275135683,0.6280190554066065
69.204443,0.44005173809838016,0.6288724566263452
69.259742,0.4406579072997789,0.6296199875408158
69.308083,0.4414932653315936,0.630482755316657
69.343801,0.44245318546947354,0.6312161361668045
69.372357,0.443209198937213,0.631862111175604
69.400809,0.4440737560170659,0.6327597370735636
69.43592,0.44516167207006985,0.633288529484896
69.462383,0.44595869893243967,0.6338579723026352
69.497568,0.4470452900736306,0.6349511850029426
69.528833,0.44792050572297387,0.6352918759688871
69.602063,0.448978823586732,0.6362483869983351
69.635393,0.44991240751256634,0.6370500703350223
69.669341,0.4510331838931348,0.6374970938550295
69.697986,0.4521545770490163,0.6382565623572273
69.726957,0.4530677439676518,0.6390883116161388
69.808341,0.4540422190561648,0.6399205179775648
69.870722,0.45524344846947284,0.6405900017654325
69.894883,0.45616647406161137,0.6411933588350611
69.937783,0.45717548591512647,0.642094876483615
69.96959,0.457783437608011,0.6430905762124807
70.011785,0.4587662327158741,0.6436541529462859
70.039981,0.45954964911021834,0.6445467965181955
70.071527,0.4604022746141218,0.6452932226124805
70.109665,0.4607926896610681,0.6461037186011056
70.135364,0.46145550846846667,0.6466729791022405
70.177684,0.4621733974203888,0.6473746583600785
70.206604,0.4626759196867343,0.6478658338405651
70.27713,0.4636261308078823,0.6486780776592664
70.320719,0.46434610294495027,0.6494227442948819
70.377531,0.4654651139680127,0.6504225706722497
70.407193,0.4664429891260967,0.651256148315103
70.473463,0.46740642465221416,0.652248921997986
70.51295,0.4681008119776574,0.6529790720396729
70.541853,0.4686195613519657,0.6537531229592803
70.609042,0.4696911824845687,0.6545963494893123
70.653032,0.47071501882596717,0.6557533051810013
70.676249,0.4714251149714662,0.6566366309294047
70.751764,0.4726532183403245,0.6574410506147403
70.778521,0.47360434508523636,0.6583598768354237
70.814011,0.47473859055182244,0.6590846658695286
70.844303,0.4754675456319116,0.6597655034724853
70.878999,0.4758779287242595,0.6603376300796654
70.963482,0.47707038878724894,0.6611651442612558
70.98975,0.47794013154037934,0.661650240770553
71.026878,0.4784337863531679,0.662442153936726
71.086014,0.4795489777768531,0.6637200100941176
71.113345,0.4803296117734328,0.6646145094042917
71.149104,0.4808292599644254,0.6648941890422632
71.193279,0.48140263840438857,0.6655791103061924
71.219883,0.4823495735666886,0.66645845467367
71.262916,0.48325715293081745,0.6671404251075065
71.295007,0.4838011113873571,0.6678741341860486
71.328172,0.4846358730047956,0.6689914779088869
71.358201,0.4852698001816879,0.6695900302485011
71.395713,0.4857135492055125,0.6700090168862309
71.424979,0.4862701410295521,0.6702536701425051
71.455224,0.4868065704871583,0.6707435380900795
71.493154,0.4876684539495465,0.6715370925306703
71.526864,0.4884311492328832,0.6722115276681977
71.597407,0.489197020188917,0.6732586442330796
71.628341,0.4899301649323746,0.6741275065371912
71.658192,0.49044336625279494,0.6747357101500695
71.688293,0.49095661067802765,0.6753863469642862
71.730779,0.4917877359855904,0.6760906480866398
71.761904,0.4926804274884973,0.6765339128357577
71.789388,0.493482399920392,0.6769853359985039
71.828222,0.49417531615280863,0.6776157765159387
71.862668,0.49472269205300634,0.6783101065952146
71.892799,0.49507313223316307,0.6788822723228727
71.936646,0.4955335714036606,0.6792585769255256
71.963206,0.4960534056355623,0.6796583357723064
72.004946,0.49673898480644296,0.6807426687369798
72.031099,0.497487164771729,0.6814598951144057
72.065077,0.4982419451726688,0.6822629153114682
72.095265,0.4990748115834841,0.6832794314193217
72.124138,0.49960417389075695,0.6838112489280345
72.169791,0.49973742353360373,0.6841662477580774
72.196467,0.5004204087576107,0.6849920834888664
72.234686,0.5013300658449118,0.6857529342226936
72.263946,0.5020556963313827,0.6864317637718644
72.296183,0.5025102259497292,0.687017058077042
72.336973,0.5028778744981997,0.6875827434855791
72.364893,0.5034260335835237,0.6877452101547186
72.438984,0.5043725439201487,0.6887133813269004
72.511284,0.5053972708983704,0.6895948417441989
72.546729,0.5063257232767779,0.6907901482999187
72.604139,0.5071860324167914,0.6916582447343967
72.633721,0.5080750842468534,0.6926463925279907
72.735798,0.5092444123530007,0.6936719237175
72.805506,0.5104977459900112,0.6951120786750802
72.840872,0.5115644971365503,0.6962584281980139
72.888088,0.5122496215387523,0.6970014351122974
72.921439,0.5131645132620174,0.6976721012849985
72.947813,0.5136893521411544,0.6984319793166284
72.979328,0.5145991177821485,0.6991857841498748
73.041998,0.515654271048807,0.7004662720780538
73.082597,0.5164304292616765,0.7009702958558675
73.112641,0.5171135188631479,0.7020169999724897
73.141609,0.5179017449462995,0.7027035230962823
73.185299,0.5183260625135113,0.7035542341269923
73.211139,0.5189628670485662,0.7046125023105254
73.248026,0.5193081904361936,0.7055602314051943
73.280733,0.5197616861499552,0.7063600231591731
73.314463,0.5200442286696079,0.7069200383194991
73.356379,0.5206615953302611,0.707585616369853
73.38079,0.5212974210639159,0.7081708614248698
73.423171,0.5216498555780998,0.7086852464033232
73.454096,0.5224595911730414,0.7094609867599752
73.514584,0.5230305903355638,0.7102951856202883
73.54552,0.5236308832208565,0.7110179917239051
73.597445,0.5244524718789434,0.7118018686131666
73.628299,0.5250537980623764,0.7125152164249838
73.654456,0.5258077315806752,0.7130168308302218
73.681016,0.5265775812291685,0.7137973825771727
73.753542,0.5277552887634941,0.7149231259472552
73.791278,0.5287302990144049,0.7160358008854755
73.85368,0.5296806694636631,0.7171253267903346
73.900616,0.5302838266987524,0.7178839000846398
73.92748,0.5311689145137116,0.7188608275800761
73.962066,0.5317235486446292,0.7194917121395341
73.994701,0.5324076759534011,0.7201275947894066
74.055077,0.5334112766784281,0.7211762454354551
74.091547,0.5342852261047855,0.7222232610355467
74.119375,0.5349194854961739,0.722922250952269
74.224913,0.5359152511086894,0.7240595834733662
74.259022,0.5367637066770378,0.7251818370915584
74.283553,0.5375090988586493,0.7262936248846841
74.328145,0.5383507357515,0.7272678206491068
74.362079,0.5389398815764955,0.7279497576842027
74.393181,0.5398139454696357,0.7287892654699605
74.462302,0.5407831498425847,0.7296671001726155
74.506,0.541628783932244,0.7306359400381282
74.536011,0.5427289169963605,0.7315513425092641
74.566781,0.543499010141242,0.7321921242390593
74.601683,0.5440140069870987,0.7329325315535231
74.654859,0.5446245045407798,0.7336630151695126
74.694294,0.5453601459325284,0.7345661886749942
74.73001,0.5460121736688068,0.7352387684338088
74.759363,0.5468742682570076,0.7359911168045755
74.808225,0.5474716905577678,0.7365272378026315
74.835232,0.5479887166298021,0.737003677543919
74.903214,0.5488103476239852,0.7378457500734373
74.936589,0.549678279255979,0.7386268715003044
75.063822,0.5510611328548262,0.7403901634571192
75.103655,0.5519000445948291,0.7413007609615788
75.136882,0.5524405050876114,0.7420908326704349
75.176103,0.5534804389895659,0.74288088285519
75.205755,0.5544669934327565,0.7440574779363008
75.238443,0.555132619117758,0.7452100763694516
75.310439,0.5559599758213192,0.7460922117017954
75.338671,0.5568477404830655,0.7472219904748871
75.369042,0.5578854545853993,0.7484231957139365
75.413271,0.5589397098056199,0.7493535536367947
75.443372,0.5596776884597744,0.7500048041827954
75.554443,0.560845084713056,0.7516202342849208
75.580286,0.5616114789330046,0.752938539647943
75.614883,0.5623721875606136,0.7536592221306964
75.646299,0.5629472591977029,0.7542693610224169
75.71495,0.5635029098342356,0.7551316734813778
75.750767,0.5643116667534259,0.7560021719996322
75.779433,0.5650316838687404,0.7569415399596027
75.8139,0.5660792365656316,0.7581809580738794
75.847778,0.5669198654582315,0.7590227300217565
75.913684,0.5673752323531259,0.7597015561663678
76.039689,0.5689703451613788,0.7610409600935876
76.074019,0.5701336482081952,0.7624315679452567
76.15868,0.5711562070488829,0.7636154932049138
76.221654,0.5721900188195634,0.7650032668895578
76.253932,0.5731977508751104,0.7659645339559454
76.294047,0.574273415446409,0.7673782291509367
76.320266,0.5751814123273788,0.7686997302123267
76.421702,0.5762566957271724,0.7700165801668019
76.560912,0.5777056598045072,0.7717875088648691
76.58736,0.5787578074499318,0.7732568812149451
76.627355,0.57957735199283,0.7743193807447334
76.658958,0.5805130777456889,0.7755394728552367
76.719006,0.581317162949738,0.7767061577339714
76.822434,0.5819553032589236,0.7779285480846785
76.854543,0.5834333108415798,0.7794450461058691
76.900066,0.5843668147509711,0.7806514340075067
77.009382,0.5855957801351738,0.782115030904864
77.039339,0.5864915504700794,0.7837493400118533
77.130049,0.5876797793560026,0.7854659007230647
77.163721,0.5887190531469343,0.786812582847225
77.194239,0.5897716821773717,0.7878995095349581
77.293506,0.5908404726863611,0.7891882884760758
77.329259,0.5917494512951866,0.7905608216704967
77.438761,0.5931560846318351,0.7922852376945246
77.470112,0.5942975120251062,0.7938271043591897
77.57282,0.595410687283007,0.7952027057136337
77.604789,0.5960456965255034,0.7963591391014723
77.637747,0.5968237803897365,0.7975679876324899
77.66888,0.5977342566415441,0.7988964606664734
77.735925,0.5984117337460657,0.7999908469656616
77.772105,0.5990890109416582,0.8007621387419757
77.810696,0.6000143777046318,0.8022432658915082
77.836682,0.6008638723194203,0.8032092803409746
77.873196,0.6011776555031261,0.8038084216499065
77.904566,0.6018401722028657,0.8048910235671811
77.955661,0.6025156853537125,0.8055127317424643
78.04357,0.6030804370401555,0.806589887370787
78.179618,0.6043756264637686,0.8085357090642902
78.285208,0.6057421506179913,0.8104924836325244
78.312404,0.606845648935783,0.8122124865648465
78.345307,0.6081238908528721,0.814000691622309
78.424402,0.6091833299469555,0.8152549743204002
78.456009,0.610344184463235,0.8164272463007846
78.482947,0.6109292597745941,0.8173985231895103
78.524079,0.6115695539934,0.8186314348663088
78.813326,0.613339302209595,0.821592085659468
78.926547,0.6150450985504243,0.8241738569438206
78.956725,0.6166275040915744,0.8263029082804743
79.056981,0.6183190333473478,0.8284269429179902
79.081896,0.6194284490088081,0.8303457101040097
79.154011,0.6208281707701702,0.8321475406385569
79.180813,0.6220979049162401,0.8338670684822376
79.238652,0.622775217696968,0.8349213746934714
79.3946,0.6241660083964072,0.8364283068403311
79.531187,0.6258758997861764,0.8387545621789788
79.66909,0.6275790996512726,0.8415314270534223
79.702104,0.6287193941089181,0.8430943409040246
79.745747,0.6297217342166967,0.8450587216619919
79.832793,0.6312838070627259,0.846981531036197
80.15014,0.6337210984155878,0.8499694744314841
80.352708,0.636763085503155,0.8538754597997927
80.378935,0.6389445470821279,0.856418121952552
80.408605,0.6403096899326635,0.8584519370090136
80.539101,0.642168407584746,0.8608619630916732
80.611772,0.6437749777852133,0.8629745585132312
80.644934,0.645040464424396,0.8647448241398801
80.787948,0.6467503869695594,0.8666363054295627
80.817088,0.648140773665328,0.8691115822043193
80.876559,0.649328567429377,0.8709968221140225
80.940943,0.6506678904004844,0.872351376649402
81.310126,0.6533799838459061,0.8763894696093237
81.522927,0.6557342102135117,0.8800462068458045
81.558683,0.6577191435300734,0.8827685541846108
81.806039,0.6603411434195835,0.8865813552197244
81.830771,0.6622676669231731,0.8892400520244735
81.894099,0.6637569599420006,0.8913984179536152
81.995069,0.6654366863915445,0.8935236072567854
82.299481,0.6677230546081449,0.8970836217422711
82.468994,0.6697772884809046,0.9002581646694341
82.508184,0.6716374676535674,0.9031521844324986
82.537452,0.6729268436409138,0.9053067264179651
82.575022,0.6738612357123664,0.9070576636050327
82.663699,0.6753365131557763,0.9088263239103485
82.707021,0.6762878291446512,0.9105196642822573
82.770638,0.677279960597255,0.9124914798699403
82.844034,0.6781701108210173,0.9140097593758313
82.977595,0.6794349434251608,0.9161110705977344
83.005467,0.680171767631423,0.9175993691674833
83.037159,0.681108258000489,0.9186141057366506
83.070812,0.6822524818599554,0.9200529093035124
83.145183,0.6825534569198123,0.9212016030293348
83.177817,0.6832245138170283,0.9228846664129843
83.2053,0.684060893736022,0.9242747231751087
83.243346,0.6844826555224419,0.9254451556106986
83.271008,0.6848767728786183,0.9258482331206805
83.424255,0.685625188730792,0.92758841831677
83.643449,0.687368090180402,0.9305540071272351
83.783584,0.6891632046893155,0.9335628452341207
83.857085,0.6903868830816389,0.9356323035268299
84.078692,0.691821491880368,0.9388086066837925
84.47902,0.6944200767221108,0.9439570751127673
84.544084,0.6966369649966,0.9478230011896243
84.639391,0.6987496009309695,0.9515433463161354
84.703718,0.7004470282383486,0.955126683602096
84.729711,0.7016867436479932,0.9576087876981028
84.770875,0.7025803830482547,0.9591821451363831
84.830471,0.7035355383535811,0.9611773683194824
84.859832,0.7042408396866333,0.9630279616013324
84.891405,0.7049756990916022,0.964504443888526
85.025513,0.7057001712851267,0.9661317868026719
85.194302,0.706926294769126,0.9684759897087849
85.402493,0.7084065675970858,0.971378088540473
85.472162,0.7098138153717777,0.9746377233491806
85.604201,0.711673700224966,0.977993424204839
85.633895,0.7130442305287988,0.9803874401524633
85.669903,0.7140694767948875,0.9823759074799695
85.694979,0.7148459432027561,0.9838055464679734
85.740786,0.7156160269430554,0.9846430008747492
85.830679,0.7164837992167365,0.9865399429794965
85.867815,0.7171452952606603,0.9882293821094208
85.904286,0.7177791634428686,0.9894208765529038
86.008377,0.7189315823177228,0.9911772270552027
86.034889,0.7197030134222716,0.9925282480007604
86.207648,0.7205968522087004,0.99495187771125
86.276035,0.7213518754778987,0.9969010468350088
86.393313,0.7227272903220932,0.9993657788851226
86.456362,0.7234693706738905,1.0010099455568051
86.49676,0.7241911727682321,1.0023871333794792
86.860801,0.7259953028904296,1.0065113435166972
87.258506,0.728578627592606,1.012962731816821
87.290925,0.730585331062871,1.0181763640730748
87.363092,0.7322878917438571,1.021718797105791
87.429945,0.7340287145245024,1.025066033912469
87.602157,0.7356461885956489,1.0287938705473527
87.630883,0.7367683174581621,1.0314482384892871
87.662753,0.7372000421742504,1.0332912399153709
87.756403,0.7374293112717005,1.0352555409716127
87.843299,0.7381923847172015,1.037467758551497
87.971294,0.7394296146374292,1.0404283329712163
88.076033,0.7408255549131773,1.0433263905253773
88.143015,0.7413530318241575,1.0459054201031461
88.304624,0.7424827970873198,1.0490051033525978
88.518613,0.7439677884645877,1.05308926360811
88.548171,0.7450988172816566,1.0560173410167657
89.019499,0.7469779407510292,1.0612031770341848
89.260465,0.7490761745840699,1.0669460919315892
89.326793,0.7499659029850635,1.0706201273968512
89.39343,0.751761911088873,1.074496650212952
89.430908,0.7530924125932199,1.0775976344543337
89.895001,0.7550189704791486,1.0833103771227943
90.064363,0.7573830632137304,1.088702150250757
90.161766,0.7588648183581165,1.092870640402733
90.208348,0.7601637053892862,1.0960039827744057
90.37513,0.7615216419979032,1.0996819787685
90.406415,0.7623475464303162,1.1024257697090254
90.445726,0.7631840477867132,1.1050724079407575
90.481983,0.7637766082424168,1.1071091615297521
90.574435,0.7646286363936236,1.1092564032670544
90.673358,0.7655011090512811,1.1113324996171077
90.767822,0.7664135526630299,1.1135745868520315
90.829515,0.76705573218158,1.1160430170899096
90.875089,0.7678470070358492,1.1173446615997775
91.021624,0.7687260904548032,1.1197081752940692
93.372342,0.7698802509949827,1.1225827181167676
95.232929,0.77099103841507,1.1246312330841115
100.576496,0.7718183892898409,1.126786028293308
100.743653,0.7722380328727616,1.127922451956347
105.091483,0.7723380206015702,1.1280276552084016
107.172808,0.7723971401245293,1.1283234916796334
107.889939,0.7725732243273284,1.1291981253891223
111.975134,0.7727361084371346,1.1294959783264322
114.2191,0.7726848674758947,1.1292026519572562
125.125501,0.772814258641131,1.129499146924126
133.575592,0.7731846762640169,1.1296405680080208
133.982307,0.7730915263354801,1.1294334333111808
137.334213,0.7732457260829225,1.13000891612758
167.052879,0.7731957374393355,1.1299819569265128
176.2047,0.7732053058212585,1.1300198052657342
176.809329,0.772854483108313,1.1294843226703888
181.835804,0.7729441654547191,1.129764444532297
183.931609,0.7731488319540912,1.1303890037850652
191.707935,0.7731648545079852,1.1302315674047947
193.4536,0.7735220752586323,1.129968869415412
195.255278,0.7736613009075898,1.1306673918259569
217.464563,0.7735920327494943,1.1304493272170126
228.801016,0.7733999932123503,1.1305222378875106
229.621928,0.77365105261597,1.1305624034696522
230.75816,0.7735164089713005,1.1303529471840055
233.946702,0.7734536833166534,1.1302457383751783
237.164252,0.7734359000742056,1.130220116380447
247.442985,0.7732074982160064,1.1296363421703535
251.463174,0.7734897343678885,1.1296780609982817
259.330667,0.7737418736869622,1.1295085303712216
261.496872,0.7735430407621632,1.1296316868970622
262.635548,0.7734408006736357,1.1297014455831924
262.809759,0.7736707665491206,1.1295414219881907
268.861198,0.7735302087245057,1.1296382601469825
272.130274,0.7734318182472755,1.1297060468581368
272.811911,0.7733260019543825,1.1297699484379027
273.745948,0.7732355154301862,1.1297814201519543
273.918508,0.7731962074560224,1.1298959161682882
275.833317,0.7734449594026416,1.129876249441581
277.885098,0.7733352007631388,1.1298890902463137
279.504841,0.7732953126743185,1.1298816279276684
281.822297,0.7732673910121444,1.1298764043046168
286.140833,0.7732109028897907,1.1298891986504387
287.408706,0.7730702240428882,1.1299495815800262
289.050596,0.7731413538667647,1.129963382452393
290.540077,0.7734835234074952,1.1299064169911195
292.143739,0.7733621955665363,1.1299102075309906
292.360489,0.7732772660778651,1.1299128609089004
294.830038,0.7731619003185314,1.1296046549113157
296.040975,0.7730542685526686,1.1298741759679807
297.010166,0.7730335360921078,1.1298642141893966
297.038549,0.7730472044457651,1.1298806655697846
297.219458,0.7730857759134729,1.1302217356170194
307.53094,0.5544244272601337,0.9490871328377211
307.563176,0.40140513168416536,0.8221284914795993
307.595025,0.29409239476570964,0.7333075283119188
307.637762,0.21897347892279062,0.6711328540945425
307.660918,0.16619107151993356,0.6276606321625969
307.695619,0.1292433863379336,0.5972300768102351
307.736074,0.10357917302334742,0.5758786380433639
307.767884,0.08541505739032333,0.560982680926772
307.795207,0.07289934276002022,0.5505054609249397
307.831844,0.06413834251880805,0.5431714069236571
307.872757,0.05800564234995954,0.5380375691227592
307.906107,0.05391198224704344,0.534393796879126
307.938341,0.05104642017500216,0.5318431563085828
307.974182,0.04884129670929541,0.5301077936922073
308.009394,0.04718580964078646,0.5286143404627036
308.036157,0.04613886933534442,0.5278476226000919
308.068308,0.04520684480872123,0.5273609701164815
308.107695,0.04475359395289876,0.5269702633577363
308.140876,0.04443631835382303,0.5266967686266147
308.169316,0.04441345544974788,0.5264552365318249
308.210549,0.04439745141689527,0.526286164065472
308.242383,0.04418701857862059,0.5262178991220298
308.275224,0.043840549279014554,0.526220163681838
308.305236,0.04379718708210408,0.5261716988534859
308.342755,0.04400971204091363,0.5259232503966284
312.546618,0.04380370037291921,0.5256851601557984
312.675476,0.04361585937017335,0.5256828806370435
312.74198,0.043639904145915245,0.5257956007221297
312.809866,0.043457569176120814,0.525924554801908
312.858373,0.043373567532414475,0.5258504568893202
312.882314,0.04331476638182004,0.5257985883505087
312.909751,0.04322997274125417,0.5259266461417733
312.939153,0.04317061719285806,0.5260162865956586
312.969181,0.04317270114413054,0.5259146691449457
312.998607,0.042935377370057565,0.5254495204251588
313.036065,0.042949544347839194,0.5258455557160682
313.070044,0.04289116325007046,0.5256797331346248
313.102044,0.0430141984514228,0.5255587399444204
313.134566,0.04289159358683049,0.5255646139690135
313.161518,0.04296759232183271,0.5256065806961256
313.191488,0.04302079143633426,0.525635957405104
313.222514,0.04313265098886675,0.5260366974071599
313.25453,0.0431717980119575,0.525891942228591
313.283056,0.043144106119780964,0.5259327885627756
313.309912,0.042980387657817656,0.5258693275833136
313.348117,0.042865784734443343,0.5258249048976902
313.413377,0.04279745157953983,0.5258583787294391
313.475762,0.04258738719401578,0.525695843919964
313.506244,0.042699418928071595,0.5259466175212423
313.535031,0.0427811067313863,0.5261578503034285
313.56297,0.042718236988548354,0.526023205116117
313.593674,0.04281134381099019,0.5260225625796187
313.628153,0.0429201458339138,0.5258575503403095
313.660498,0.04302787237971725,0.5256314811171992
313.689242,0.04294813640442283,0.5254868940456044
313.722906,0.0432299811618403,0.525490825688872
313.751831,0.04337157865701246,0.5257947362673513
313.78332,0.04311921017603764,0.5259058358320159
313.813829,0.04279549342459125,0.5258196867936843
313.849735,0.04280201924786943,0.5261422588630313
313.878675,0.042843868911884075,0.5261177198035176
313.918862,0.042882221720055035,0.5262776219010212
313.952613,0.04286859862208833,0.525833012880077
313.982761,0.043086893757584975,0.5261651412197282
314.010713,0.04297207847762336,0.5259012078130078
314.049358,0.0429687028265969,0.5260903722463729
314.089464,0.04296329668123357,0.526100961416272
314.122861,0.04298672003717405,0.5260596470380976
314.158397,0.04296056649307238,0.5262737172287313
314.19066,0.04297015845630446,0.526220666190895
314.221779,0.042946039720353636,0.5257419136908043
314.258258,0.04287348065156142,0.525604948542761
314.295458,0.04310239229465405,0.5259718434011668
314.329795,0.043326049041801845,0.5259669756091645
314.371696,0.04310450446549843,0.5258574063219534
314.401659,0.04294615767261041,0.525764721855177
314.429742,0.0427895173162466,0.5258874006641482
314.459215,0.04303300870569268,0.525278673102538
314.490197,0.043019706832152636,0.5255350071897666
314.520989,0.04312241798018159,0.5259933192628019
314.554374,0.04327668083471377,0.5261404557395155
314.582044,0.04337636451357228,0.5263631135580661
314.612316,0.043446143088773245,0.5265189740310515
314.643829,0.043382953338448944,0.526348983573445
314.675069,0.043259580818650445,0.5264395065399704
314.702246,0.043178307311223074,0.5263475905959694
314.73117,0.04311270985259641,0.5262544603917421
314.764282,0.04311908800182561,0.5260536031168097
314.794676,0.043167661633535956,0.5258837311833079
314.82198,0.0428412100469185,0.5257206537880781
314.846662,0.042768360406813935,0.5257208332410254
314.876622,0.04289646569536183,0.5258239735656538
314.910458,0.04271455791147786,0.5255202333773663
314.941306,0.0429933748452521,0.5257665948521935
314.976005,0.043044296380486055,0.5257409399267325
315.001802,0.04306960489215868,0.5257822046539588
315.036496,0.043087320850329514,0.5258110899630171
315.063223,0.04306811442298277,0.5259418345721649
315.096992,0.04308457208400775,0.5258189578913113
315.129362,0.04309609244672523,0.5257329442147137
315.163195,0.04311281241263594,0.5258808382978643
315.20213,0.04313758209943723,0.525935977105441
315.237681,0.04301952855706181,0.5257070865063862
315.264917,0.04289318336391425,0.525711336143841
315.296508,0.04269948067109568,0.5254900066908407
315.329897,0.042790064943716406,0.5256656315127357
315.364175,0.04285347393455091,0.5257885688880624
315.396674,0.042639260633899646,0.5256495698330481
315.430184,0.04271309584466587,0.526110098444062
315.464694,0.0425463290965714,0.5258675594904485
315.500441,0.042397678555976405,0.5258287455484195
315.533309,0.04260520310536199,0.5260304397435434
315.564424,0.04271515565548957,0.5262165258590393
315.596418,0.042764264347197954,0.5257029665693451
315.627301,0.04282287977777882,0.5258032235731052
315.661761,0.04288188584993357,0.5258778738240953
315.690258,0.04291392083312126,0.5259544476948568
315.719382,0.04282464696210162,0.5258774437067579
315.75031,0.04290047900646006,0.525978590477543
315.78094,0.04284158815183592,0.5257706222934782
315.811303,0.043103521227507255,0.5259733204645197
315.868181,0.04306397834099126,0.5261765423637227
315.897252,0.04292161488606288,0.5260491641615944
315.928563,0.04293629186204699,0.5260813604373318
315.963768,0.04306184261834759,0.5263981898034619
315.996639,0.043031040398849016,0.5264220590972408
316.022669,0.04288512381215997,0.5262243875770224
316.05606,0.04310227459778462,0.5264218658443209
316.085718,0.04313020562904131,0.5263146963879607
316.116699,0.042806392128705344,0.526141741376678
316.147458,0.04306097803096726,0.5262373595943965
316.178811,0.04298563112126318,0.5258011456983926
316.211951,0.04297187642767597,0.5258627042830337
316.241691,0.0429660322920501,0.5259578480285648
316.272285,0.042847128322642425,0.5258381424122622
316.305951,0.04277250319982068,0.5258030752779542
316.333355,0.043031740488461125,0.5260072849501222
316.402556,0.04301373182365897,0.5262003175036445
316.430826,0.04300329275966407,0.5262927574049865
316.461844,0.04293093067038561,0.5259497874470556
316.494224,0.04291917259136789,0.5256674547438226
316.525276,0.04294272611288197,0.5257978560140809
316.555608,0.042958180927471085,0.5259038532900568
316.588233,0.042847021372382874,0.5258827077934572
316.622797,0.04308390320925466,0.5260630277109742
316.651439,0.042978077541907495,0.5258134384074629
316.680443,0.042895907126649126,0.525655015844422
316.71271,0.042838387835968265,0.5255441200502933
316.743085,0.04288381979293039,0.525869110448932
316.780079,0.04296215066610264,0.5258197282320686
316.805031,0.042904964288164586,0.525506532807797
316.830116,0.042891617332957765,0.5260481850641517
316.862886,0.042900459841433966,0.5262440037167354
316.895982,0.04280983526297476,0.5260871781910855
316.932897,0.043054558169361413,0.5261704299652357
316.962371,0.04275343890692941,0.5260407548807705
316.99816,0.042547974020186126,0.525942919171239
317.03017,0.04256309518810127,0.525876419009238
317.065429,0.04272939453241437,0.5259442382882323
317.09295,0.04269008954666104,0.5258773423911334
317.123361,0.04250660113206935,0.5256733735776782
317.154169,0.042676791923224947,0.5256423541172135
317.180808,0.042641851568108805,0.5256438505435637
317.215922,0.04262880947164714,0.5256670709698652
317.247474,0.04266338771760875,0.5255188522114831
317.278316,0.04270730560845424,0.5253181998096043
317.31091,0.042711768071635584,0.525301285675515
317.34252,0.04267775102411589,0.5254272755622312
317.378658,0.04265932809579786,0.5255084232139201
317.408317,0.04258981173125795,0.5256972985419957
317.439703,0.0426340284687432,0.5255656355487633
317.505212,0.04266050424868928,0.5253958840873967
317.53526,0.042753866455818676,0.5257723368997366
317.564151,0.04258335659832341,0.525511893278012
317.594797,0.04270529792657899,0.5258465517083352
317.629871,0.04267861092752203,0.5258019165161929
317.663412,0.04265993002818216,0.5257706718816932
317.688241,0.042661880474650186,0.52558547198993
317.713014,0.042966271703396564,0.5257181699887457
317.74115,0.043175720111000564,0.5258252385329087
317.774271,0.04299927421393754,0.5257581903685744
317.800849,0.04318716543503536,0.5259401384894778
317.83011,0.04301052917849574,0.5258744725320051
317.864274,0.042892272803863755,0.5258214610927618
317.894433,0.04280949334162137,0.5257843530852915
317.922799,0.0427898664265907,0.5256009496922815
317.951767,0.04289150392443193,0.525684211489843
317.986479,0.04296695623597679,0.5256451126795021
318.014328,0.04281859711965744,0.5258390794001723
318.045979,0.04275191221448359,0.5258568925521665
318.078529,0.042702608686375654,0.5257803481820549
318.105195,0.042515672983906294,0.5256482856872009
318.169724,0.04254048446270539,0.5256701755704113
318.204733,0.04251414590196708,0.5258499536640584
318.236931,0.04253941550534794,0.5258113431542115
318.271606,0.04260081194119931,0.5256198427405255
318.306833,0.04274546863728857,0.525803669981997
318.330989,0.04306711426343388,0.5256972087273881
318.36074,0.04288546338355647,0.5258596858377178
318.388771,0.042643671271932866,0.525703822046165
318.423768,0.042773796023341935,0.5258570553151279
318.456194,0.04311348612704778,0.5257429290713128
318.490819,0.04296434266785019,0.5257293806702772
318.524207,0.042698886770938464,0.5256126084289565
318.557619,0.042674123118573666,0.5256381562206278
318.590148,0.04274423639891343,0.5253270935612113
318.623371,0.04270326723299878,0.5254187514501844
318.654661,0.04284171837816358,0.5255137216133499
318.690908,0.04288071634645069,0.5258548231679039
318.725841,0.043113004983389006,0.5260365168482548
318.761515,0.04307605179612491,0.5262137882075052
318.794505,0.0429296326808657,0.5261784834179221
318.827639,0.043147246417479516,0.5262630790232674
318.857581,0.0429879748711524,0.5260934856366455
318.890195,0.04296574870473904,0.5262983698429602
318.922195,0.04311725177674228,0.5263569773383295
318.95689,0.04306781515296413,0.526283794125234
318.989561,0.042802560775193364,0.5258247628174428
319.026247,0.04277573542207375,0.5256536982510033
319.060202,0.04283452827718781,0.5259528068142613
319.093163,0.042763683168002456,0.5258833403593536
319.127309,0.04267038499567503,0.5259991690163179
319.164174,0.04276621780472512,0.5261876447251493
319.190065,0.042764978201928344,0.5258762085711696
319.222019,0.043023237575312276,0.5259165178729113
319.254547,0.043160442180885744,0.5261091895595302
319.290031,0.042991822900591004,0.5259928082810419
319.320688,0.04298252392267425,0.5261544925739967
319.352966,0.042979280227608156,0.5263033628403566
319.385293,0.04318199970019924,0.5263504946189717
319.419984,0.04305602552876022,0.5259902034968452
319.454184,0.043122998224393555,0.5257041681149821
319.492198,0.0431623890426628,0.5256656090257024
319.533651,0.04299318570383494,0.5256823019073623
319.56838,0.042874743366655435,0.5256939869245243
319.600442,0.042887017505458695,0.5259485899194326
319.630864,0.04284413334127683,0.5257159154761804
319.669121,0.042939827327703364,0.5257054643635234
319.711419,0.04277760047648593,0.5260354453089829
319.746999,0.0428849998241064,0.5260485293104348
319.774993,0.042924813323992284,0.5261026598159341
319.801537,0.043099589596832244,0.5262262030443259
319.834848,0.04295461509669931,0.5260676724513864
319.86373,0.0429483983052927,0.5262203621824927
319.89458,0.04284062727721635,0.5261666700812422
319.927889,0.04277659029863747,0.5260618158082733
319.962546,0.04283512669078241,0.5262384891043502
319.993502,0.04287610216528387,0.5263621604116041
320.029234,0.04294849941644219,0.5262842572698886
320.063261,0.042960897899262135,0.5263872065026488
320.097257,0.042857530908400235,0.5261803748722125
320.134733,0.04282889737450092,0.5258711196741138
320.166862,0.042765130541067384,0.5258191140922379
320.195869,0.04270585560196513,0.5258141456745793
320.22456,0.04263904197390588,0.5260130136303017
320.254011,0.04290285659196971,0.5261991598570681
320.283856,0.04297547642543017,0.5260507628177639
320.315292,0.04302351298836737,0.5260592515665814
320.346117,0.043013407399609765,0.5262297025103337
320.378365,0.042738556268064734,0.5259557705665903
320.408187,0.042808502869381496,0.5261642574351721
320.435488,0.04279131662806053,0.525823895867386
320.464225,0.042821571284255636,0.5260383102446824
320.494802,0.04275785986344503,0.5259790270730873
320.524442,0.042756984110994545,0.5257731630845381
320.556869,0.04298541608793177,0.5260312644750336
320.586561,0.04298966429471817,0.5260975839373788
320.615149,0.042828571784376025,0.5261491395209357
320.643335,0.04287151373079939,0.5262996157032139
320.673804,0.04290157309329576,0.5264049490308087
320.703596,0.042807371301544175,0.5261639877171044
320.735283,0.04274467328505191,0.5260311669913438
320.769506,0.042585594972188584,0.5256234084333236
320.797812,0.042690084218135194,0.5259093773698487
320.828373,0.04270628004015038,0.5256884666914716
320.863491,0.042679298407022004,0.5256912570043883
320.89301,0.0425046799732533,0.5255788587124285
320.930086,0.04253278935524829,0.5256215766880706
320.962692,0.042708180449417286,0.5257658486634151
320.996916,0.042528110465812424,0.5256669429489731
321.02804,0.04254594746230584,0.5256473834598194
321.056941,0.04255841324328362,0.5256536116896958
321.084952,0.042445979438417006,0.525383635112566
321.118637,0.04274814386718968,0.5258558160307463
321.149507,0.04281521418876895,0.5260942892600813
321.182163,0.042799275670759016,0.5258108597456219
321.216513,0.042946574676055206,0.5256145869713189
321.253111,0.04279840905131195,0.5258110416446937
321.280219,0.042694693113991676,0.525948559916056
321.310704,0.04250692349070344,0.5257301101815957
321.345569,0.0427070694911065,0.5257713694187582
321.375239,0.042665212866992513,0.5257807244031436
321.404956,0.042480284757546116,0.5256729929067855
321.437284,0.042360046233725614,0.5255731369945125
321.508772,0.042431545737578916,0.5256175714855295
321.533696,0.042593595498041426,0.5259275180784295
321.56322,0.042595030222599986,0.5258656382442713
321.594711,0.042872048366055585,0.5260959970868468
321.623758,0.04278994723020989,0.5259835735501635
321.68068,0.04272971152465839,0.5260009180386117
321.712331,0.042675674403120166,0.5259484537060535
321.746302,0.042492930900142944,0.5257833402684164
321.781065,0.04257367736872082,0.5255931954514566
321.810706,0.0428980776989781,0.5258533774467415
321.845276,0.04292016787102085,0.526092582251278
321.880131,0.0429410658174672,0.5262530339896214
321.909325,0.04295025955396322,0.5263723418312939
321.937433,0.04288840277523,0.5260125418144832
322.174658,0.04284295391014356,0.5258037044353147
325.011748,0.04277560937583245,0.525788231255889
325.04087,0.043083475328742044,0.5258416121141076
325.072178,0.043031422205846506,0.5254859099244249
325.102452,0.04301941659118404,0.5258445639032742
325.137181,0.042934663581311386,0.5256861198974683
325.164863,0.04283163099608995,0.5257395569804434
325.192446,0.04280321366474553,0.5256126150514867
325.229086,0.04278332153280444,0.5255237557012171
325.2633,0.04303711167498337,0.5258544798953166
325.302956,0.04290334466166034,0.5258574089789372
325.337241,0.04281185463713322,0.5258165618746267
325.396471,0.04270410502406656,0.5259524240770092
325.427854,0.04279851888732999,0.5261056779101198
325.462392,0.04294337389451089,0.5259332011930439
325.494198,0.04315686526703115,0.5260913814658528
325.525839,0.04315593788489792,0.5259688091167036
325.557651,0.04295033442105417,0.526051969758844
325.587231,0.04295676322269336,0.5262115875904987
325.631598,0.04306559572658466,0.5259239749131263
325.66268,0.04330740935632654,0.5256660514287513
325.695801,0.04313840763688433,0.5255181385327035
325.728733,0.043088398827555205,0.5258579150114514
325.763281,0.04305339266102483,0.5260957585465749
325.821473,0.04292231859235643,0.5258979335113652
325.894179,0.043190909231981385,0.5257631931979458
325.927039,0.04309046339362514,0.526021353005896
325.961577,0.04305220035174247,0.5261186660524915
325.995601,0.04292115205249319,0.5258441955683327
326.032441,0.04286476864024789,0.5256068978296109
326.066542,0.04289901853127632,0.5258773636331628
326.099467,0.04281096764272796,0.5257876505511332
326.134026,0.043055338541730666,0.5259810023546347
326.167108,0.043494433553064954,0.5263828171420187
326.21662,0.0435021179653521,0.5265083763191762
326.244539,0.04316943142971604,0.5263629155588909
326.27568,0.04299487213703837,0.526134564286762
326.308165,0.04287266051559639,0.5259946382685556
326.336449,0.04294225135000839,0.5260443009585974
326.37051,0.043150564193592526,0.5261761429265724
326.431097,0.04293259182265027,0.526323739454042
326.465007,0.043143802524441846,0.5263717498733835
326.506598,0.043023882854565036,0.526012127443946
326.535107,0.04309180911283576,0.5258921060873644
326.571143,0.04330368079374848,0.5257498514393472
326.603602,0.042933214866533204,0.5255910142478994
326.634726,0.04311461253900332,0.5259129334442174
326.672054,0.043285219274533805,0.5259739289946008
326.702026,0.043191166973909845,0.5261769683347796
326.736795,0.043125330363473074,0.5263190958729046
326.772354,0.043114559370609665,0.5263736849706828
326.807989,0.043267865044705846,0.5263709847109538
326.842891,0.04306701890526508,0.5261760648870384
326.879673,0.04292316325335509,0.5260236886887492
326.909463,0.04298969108839993,0.5259279329999406
326.944047,0.0432611917385073,0.5263622625268383
326.977903,0.04317108210921566,0.5264131105460542
327.010291,0.04310800536871151,0.5264487041595054
327.044894,0.04326327724337714,0.5264234981431296
327.077457,0.04301687102174854,0.526341516678096
327.110333,0.043087458505821886,0.526069427761627
327.146222,0.04298444204153107,0.5258005019657164
327.181332,0.04306475821966966,0.5256907174629613
327.245189,0.043170161199415996,0.5254422605782598
327.277226,0.042978196721565415,0.5256789869591489
327.305152,0.04301668548773148,0.5257702373035179
327.351331,0.04340220655931326,0.5259342125850119
327.380349,0.04327305807325546,0.5261491668480673
327.409334,0.04311436173873457,0.5258563193262247
327.439993,0.04300327430456995,0.5256513260609348
327.477866,0.04292551310065471,0.5255078307752319
327.505895,0.04292255631925819,0.5258182806149279
327.544992,0.04330063605596135,0.526012814607482
327.573364,0.04335462111734009,0.5261765972737298
327.615073,0.04312774815610905,0.5260399936809815
327.644969,0.04303294129586519,0.526366765441723
327.683364,0.04316590485663623,0.5265453304842702
327.719522,0.043151361300388845,0.5264124763207549
327.752166,0.04282979981371553,0.5260907753842909
327.78835,0.04306358467924747,0.526225090143729
327.818925,0.043270930622733704,0.5261546552999358
327.848279,0.04317789932817414,0.5262677854872225
327.887105,0.04310469726732508,0.526360441307578
327.922964,0.04341540987300669,0.5263808472377532
327.954908,0.04317568929002142,0.5261759233867855
327.992059,0.04315493028565068,0.5261180928028635
328.021644,0.04309669909221602,0.5262421917392719
328.057101,0.04290349614262452,0.5262503649822607
328.09263,0.042843136883257915,0.5259156781655763
328.127325,0.04275722127411302,0.5258458883320838
328.16091,0.04278440972047523,0.5254680535722658
328.19091,0.04288439628893368,0.5255553320119996
328.234633,0.04280183736671967,0.5256409423102093
328.265405,0.04274079953067475,0.5256650352065172
328.306681,0.043009547920058976,0.5259106569001162
328.336196,0.043197671792627935,0.5260825920856355
328.373594,0.04312988373657574,0.5262530324985037
328.397644,0.043243128827356855,0.5263516698967035
328.437789,0.04338141681234091,0.5262380755229225
328.473909,0.04331263669864371,0.5260351242024104
328.51036,0.04325999791895572,0.5260645587224642
328.541057,0.04306151191723999,0.5259615666950956
328.578128,0.04276440743836621,0.525903831034864
328.608773,0.042662845357884976,0.5260297309130187
328.638676,0.04263695941690704,0.5259637410977313
328.672945,0.0429805832001256,0.5259552422043859
328.705873,0.043021636140831404,0.5259994145248359
328.736506,0.04340567201648321,0.5260946366399346
328.776831,0.04335961920213616,0.525896611734914
328.80972,0.04318766931726874,0.5262203356099934
328.844888,0.043122882003824296,0.5263494529655542
328.876071,0.0429687773671431,0.5261968269776977
328.911038,0.0428543941766697,0.5260382221522106
328.939442,0.042889589405404965,0.5262219735451064
328.974206,0.04291096047604402,0.5263149082588419
329.008421,0.043125345818509894,0.5263298410126651
329.040443,0.04300770427645958,0.5259468496406434
329.074167,0.04312601460618974,0.5262681979333411
329.111945,0.04297375186306477,0.5261133767045076
329.142781,0.04305726056611109,0.5259298642291204
329.175393,0.043016987897166584,0.5260882051656149
329.206873,0.04320287977660326,0.5262068758714846
329.244017,0.043173947980038714,0.5261598403469776
329.280104,0.04331275183461375,0.5262570204984385
329.312335,0.04351072088829266,0.5265815015490717
329.344942,0.043185880563319824,0.5264510282972561
329.381344,0.04305333748177962,0.5260676223406567
329.423151,0.043297515420132805,0.5265799576896987
329.449518,0.043202483306934186,0.5265919079781565
329.48624,0.04322068063460471,0.5262805896282886
329.523573,0.04323012523482121,0.5260267788267619
329.55201,0.0433427496486993,0.5261881424851755
329.592778,0.043427585945910605,0.5262613467084645
329.624158,0.043391581943105134,0.526634794493029
329.656149,0.043265620841909776,0.5266395741836792
329.688549,0.04326156885130259,0.5262982024645404
329.759344,0.042878006299258635,0.5261151931411938
329.784411,0.042790874545718185,0.525961158594374
329.815956,0.04272988231823987,0.5258533344116001
329.850236,0.04288325612040661,0.5257119109046788
329.88085,0.04310926753287128,0.5259434698888293
329.912557,0.04310331538918841,0.5261107467818302
329.945421,0.04305728519382337,0.5262213317797213
329.97982,0.043236603176549884,0.5262930728765269
330.040643,0.043045135597555906,0.5261215266029395
330.071561,0.04291110829226012,0.5260014442114284
330.103545,0.04303837584454104,0.526333093171892
330.137815,0.04326961350340445,0.5260944482365292
330.171332,0.04307659120191295,0.5258631668165652
330.204457,0.04288619079272361,0.5259492847495009
330.231595,0.043111321803493176,0.5261096315802047
330.262415,0.0430694387441814,0.5262719601447022
330.290826,0.04308053925734341,0.5262053993382301
330.326926,0.04293589085411137,0.5260601551261317
330.358371,0.04294663707961414,0.5262373266268511
330.392956,0.042954159437466076,0.5263613466773547
330.421275,0.04301734292129068,0.5261735382723691
330.452174,0.04300038793716403,0.5262810035679258
330.480158,0.04292349264347057,0.5259486050301256
330.523381,0.04293795833216558,0.5261592415596469
330.555237,0.04271238631465549,0.5258521957534349
330.589569,0.04272189150771459,0.5256484395599819
330.619844,0.042681594191637355,0.5256344310875256
330.694005,0.04246590301300357,0.525641272734092
330.727168,0.042572900756534825,0.5261232268704379
330.760279,0.04285704500778101,0.5263266631290697
330.801499,0.043162493384008675,0.5259400117226212
330.832573,0.04319268768855686,0.5258242622494138
330.867093,0.04317010928273328,0.5259077285563554
330.896248,0.04310732439017385,0.5260949367667161
330.930635,0.04283418579299512,0.5258233471780465
330.974674,0.04307160354037566,0.5259857482561083
331.007044,0.04297547145153719,0.5257189129585055
331.03731,0.043061772335826816,0.5256694931145329
331.062463,0.04311888942567668,0.5255990112671328
331.092998,0.04327089608325276,0.5258287131184688
331.142411,0.043261965755915635,0.5256946759994869
331.170948,0.04290722293258428,0.5255883151594034
331.207044,0.04309939879000687,0.5259305348011117
331.235803,0.043193507705870784,0.5262722270695948
331.268371,0.04310238419505006,0.525778006305894
331.302679,0.04325002062790028,0.5259782746964896
331.332616,0.04304203989536268,0.5258897059037231
331.363427,0.043095764981721754,0.525777550440208
331.397909,0.042990256574660976,0.5255961878407232
331.433015,0.04314870681249828,0.5259073818043631
331.464589,0.043086349041448146,0.5261546503525012
331.503432,0.042939957702984685,0.5260246308361215
331.533311,0.04311728845773259,0.526293265640766
331.578495,0.04327309016899947,0.5263504182040903
331.607395,0.0429118014292089,0.5260114109832197
331.640548,0.042662107903889565,0.5258100296480164
331.672739,0.04268282082815192,0.5256363397633923
331.720534,0.04266287695862308,0.5256547681547329
331.749106,0.04264352724500714,0.5256747132976837
331.778333,0.042702525023457935,0.5255056767173598
331.813325,0.042700026347921555,0.5255518599307132
331.846036,0.04266628857978223,0.5255668253470375
331.879789,0.0426978608277403,0.5253295007882753
331.911477,0.042825432565299054,0.5254686447458234
331.946717,0.04270177656167861,0.5257928173476196
331.976301,0.042977520094592186,0.5260490278913196
332.004809,0.04312843994438168,0.5262019465724161
332.041425,0.04308142144280336,0.5263365806392503
332.07842,0.04304850849169853,0.5264308244860341
332.10897,0.042962581682809725,0.5260464344037888
332.144492,0.042899156151241034,0.5257613932618819
332.178644,0.04273337938052235,0.526044840899162
332.207699,0.042733327769868296,0.5257473495611913
332.259056,0.0428338990673849,0.525795793027337
332.286026,0.042832154258668445,0.5261611171995192
332.317936,0.04279408828139902,0.5259481727981778
332.350754,0.04282997891807974,0.5261994761161952
332.386683,0.04280746744923884,0.5259274774147137
332.419555,0.042851322633993286,0.5261314345744396
332.457827,0.043193440258582586,0.5265027287943165
332.489269,0.04305862926846356,0.5261038126885991
332.550234,0.04296426157538024,0.5258245714145968
332.586588,0.04281078988083948,0.5259580307549883
332.620187,0.04308754813808326,0.5259131933592412
332.652533,0.04297737346089569,0.5256726127604502
332.683711,0.04269879717327834,0.5255973147569001
332.714241,0.04297683150657392,0.5258275255613059
332.748464,0.043064884670196604,0.52572274104126
332.786917,0.04296864035659337,0.5255578212614596
332.818728,0.04305699056936614,0.5255567289266008
332.855115,0.04296311448601205,0.525441612781198
332.884782,0.042700119166683384,0.5253879429765322
332.920064,0.04264904324648565,0.5254927100049898
332.954504,0.04273993060098538,0.5258108789637894
332.99043,0.04269746479466075,0.5257839908640233
333.022009,0.04286716767601331,0.5257150476483954
333.052774,0.042754732041721664,0.5258478365059611
333.088622,0.04287555774392245,0.5258905419907114
333.120126,0.042956367231797084,0.5258347303113141
333.155182,0.0428408981046812,0.5258169409939208
333.195871,0.04278003093870634,0.5258528039968005
333.230599,0.04282493210922189,0.5255493553758852
333.264267,0.04275372261269247,0.5255650721586579
333.297704,0.04274154870832313,0.5254719147898538
333.333973,0.04289142259346489,0.5254449171694564
333.390089,0.04276194165518811,0.5256495004902991
333.427114,0.042824872640367856,0.5259498683817683
333.456245,0.043171427215454534,0.5263240088766067
333.493937,0.04316347586186954,0.5261381571314409
333.521115,0.04303559336017132,0.525874236561375
333.558241,0.04282778572107744,0.5255042766891539
333.596222,0.04311945003515257,0.525523718074345
333.631,0.042963128398577785,0.5255829782414122
333.662452,0.042690059445802654,0.5255263093898076
333.6978,0.04306702316478193,0.5254775216830337
333.734152,0.043243419756220876,0.5257724058088457
333.763928,0.04315864172161516,0.5260002108434594
333.797107,0.043107649943298375,0.5260400836084116
333.830608,0.042966259899483515,0.525865702339975
333.85986,0.0428526520658756,0.5257865150335208
333.895707,0.04274457111462526,0.5258978636755489
333.931696,0.043003924589884286,0.5260900519476095
333.976272,0.042894207592877154,0.5259457770516506
334.009502,0.042810847693930745,0.5258713742565136
334.042881,0.04286127386885431,0.5260624971319948
334.074731,0.04262673861164135,0.5258457899521589
334.109685,0.04273023050988513,0.5260872710050701
334.143175,0.04272628440832454,0.5258293000669372
334.177995,0.04273440967065841,0.5256057693032189
334.213367,0.04289632597112581,0.5256261626310581
334.249189,0.04281018814425416,0.5256905237435503
334.283403,0.0429460740207287,0.5256496206640643
334.319958,0.04287893613507912,0.5254546736681074
334.361614,0.04294390619527693,0.5255974644921747
334.394757,0.04292766313763436,0.5253056725017
334.430349,0.0433008535972077,0.5256182440227507
334.464392,0.04329500819142529,0.5255919974718856
334.495494,0.043082775870234846,0.5255949216258582
334.527609,0.04304285276878849,0.5259094101210872
334.564202,0.04320834862951718,0.5260702573671249
334.599981,0.04296641363635657,0.5261252365897113
334.672208,0.042867949925407746,0.5259704063011219
334.702673,0.043146972657026335,0.5258249927333103
334.73783,0.042944058761544064,0.5259512982904687
334.764575,0.04288406222053659,0.5257178113359056
334.802063,0.04315615690541073,0.5257693048167714
334.830993,0.04340110443785054,0.5262401005719047
334.86473,0.04308152564791822,0.52634426263628
334.896852,0.0429333380897799,0.5261215072409343
334.933653,0.04314432491143258,0.5262301873242082
334.968736,0.043092540919738985,0.5263563491655047
334.997585,0.04278862554726062,0.5260514863756158
335.027727,0.042564056244770096,0.5259413653511604
335.062256,0.042678210113540865,0.5261704637337883
335.096639,0.042442997377978665,0.5261695960770459
335.136619,0.04293083492150588,0.526415072453746
335.169206,0.04296122071903426,0.5263581850140394
335.198096,0.043152499242951815,0.5263734206166238
335.23085,0.04295446413857861,0.526308697583721
335.263434,0.04284437491667456,0.5261165315764269
335.295613,0.04308205069025885,0.526226704359053
335.331689,0.042986061221801944,0.5259035503149022
335.365082,0.043183741204451113,0.5260510993695251
335.394653,0.04320637652055165,0.5258071985728735
335.424609,0.043035865829815646,0.5258459843020673
335.459058,0.0428576830322555,0.5259372569893523
335.507162,0.04278203279341339,0.5258295759004659
335.533171,0.042688600857015,0.5259545065074775
335.576464,0.04292288394994426,0.5261202784356206
335.606334,0.04298725816665909,0.5260548047605863
335.632228,0.043345927349141986,0.5261783815094428
335.661819,0.043165370231855134,0.5258767695891875
335.689665,0.04283960606574193,0.5257157806721938
335.720484,0.04323996354782007,0.5259758797205815
335.753723,0.043164922791226655,0.5261713422181338
335.791794,0.04299495932782964,0.5260363151420643
335.8235,0.043075413849231525,0.525891674643024
335.859041,0.04361384008565927,0.5260856302178749
335.891221,0.04382594911721914,0.5261641607798928
335.92591,0.04345767775602438,0.5260312881352956
335.955952,0.04331405491231986,0.5261744368471422
335.989738,0.04346258885084962,0.5259833888092044
336.02067,0.043514800444181385,0.5261335044219972
336.059864,0.04324855286623531,0.5259602614621736
336.090454,0.04290958757322873,0.5258389019833298
336.129402,0.04301117321436893,0.5256227009203438
336.158768,0.04309679391393764,0.5261723286802056
336.192755,0.04295265811867309,0.5260299603965022
336.230368,0.04301249667237952,0.5259095423001345
336.26221,0.04316080700816242,0.5261601323688833
336.296565,0.043303553154300345,0.5262572249137725
336.333123,0.043065577470423264,0.526220333204106
336.365148,0.04296912531675203,0.5259061357754518
336.396999,0.0430573300414772,0.5258005490863953
336.428835,0.042921785699868584,0.525733880368396
336.463088,0.04287059896318224,0.5255426054371068
336.49596,0.042952896085278934,0.5255911747237909
336.530218,0.043148689244019704,0.5258832196130958
336.571143,0.04309251811770538,0.526148358366313
336.603734,0.04314370500214455,0.5259701048999982
336.635326,0.043259911567144496,0.5262550974854797
336.67319,0.043369611582280226,0.5262879734713116
336.705298,0.043451912414813755,0.5263040129179553
336.738702,0.04319799336120417,0.526086305050488
336.769235,0.0430181087268139,0.5259767891247124
336.808252,0.04289218948274071,0.5259001279766693
336.843606,0.04285379763635447,0.5256913083222244
336.872541,0.04288102908764993,0.5259954238135331
336.901497,0.04290823384309113,0.5261920147080321
336.953488,0.042858984777619534,0.5258863128282
336.983335,0.04298023166408446,0.525786673023319
337.014371,0.04282410800462181,0.525888729588003
337.053689,0.043067863851821916,0.5260672429671563
337.08276,0.04308273259701882,0.5260778150587752
337.11735,0.043448439535814405,0.5261495170136921
337.152709,0.0434578734468644,0.526378683249001
337.185368,0.043124481487458705,0.5264769438901453
337.218322,0.0429229438192944,0.5264146914878722
337.245512,0.04294300898125869,0.5264785104552373
337.288621,0.04283635630655061,0.5262354005864883
337.32025,0.04277366208646138,0.5260116689050334
337.367344,0.043032551709109614,0.5261533004890775
337.396008,0.042867268803026125,0.5261188507075734
337.429535,0.042707840703541125,0.5262593877312479
337.461887,0.04291468853436893,0.5265512224433676
337.49629,0.04299517270205508,0.5262994239209591
337.528709,0.04318760914002521,0.5263547290002255
337.558315,0.0433223146466043,0.5263934425557121
337.589694,0.043586050350202965,0.5264084542225922
337.622614,0.043401748726878256,0.5264811359943735
337.658523,0.043263478381514134,0.5265562782855084
337.700349,0.043054699090277856,0.5263301606098687
337.738634,0.04291455949943164,0.5261116358224464
337.76975,0.04317083188812563,0.5259732596882918
337.802955,0.043307255806967024,0.52609068701328
337.835624,0.043094592438847903,0.5259798564986666
337.869171,0.042945728081164515,0.5259022751384373
337.904474,0.042873873824267016,0.5256638613594946
337.935636,0.04289508241918871,0.5259762109396222
337.973315,0.043417936587880374,0.5263346523795678
338.007592,0.04344695852913978,0.5263660851645378
338.037601,0.043192384344368825,0.5261726352045472
338.068545,0.043051353361627215,0.5258207838464453
338.135229,0.042959168440594796,0.5256264512250892
338.22072,0.04269203274999675,0.5255243930376619
338.255407,0.04250506123590699,0.5254331933667198
338.305843,0.0426504911728875,0.5257914617704307
338.330564,0.04267530602452391,0.5255699841710795
338.362694,0.0426429784403847,0.5256397547297684
338.39456,0.04267004711177194,0.5254637892426158
338.450951,0.04269551518482338,0.5254124966032081
338.484404,0.04266637400334735,0.5255051232116164
338.51607,0.042689682889798894,0.5254054887807089
338.548806,0.04265304224607719,0.525524607956509
338.579493,0.04262739379547199,0.5256079913795692
338.611067,0.042621935621296486,0.5256778038675081
338.641308,0.04261811489937363,0.5257266726090654
338.673994,0.04245329527114193,0.5255945480064452
338.708625,0.04249960844355873,0.525605969561848
338.742525,0.04237092077977097,0.5255353222823134
338.770723,0.042488270284460436,0.5254195828611844
338.836167,0.042518059335359445,0.5254742313983674
338.90525,0.04267451074773665,0.5257720874442502
338.936884,0.0428713270519,0.5256522485301585
338.96819,0.042639906922546544,0.5255679142554585
339.00152,0.04262420498201972,0.5255780633743592
339.034582,0.04260396894324628,0.5256095579782318
339.064979,0.04264599934772814,0.5254785931173398
339.104909,0.04262846967964684,0.5255155385776762
339.136835,0.04273734982284427,0.5258653039605501
339.17043,0.042702153666126376,0.5258937391052403
339.207477,0.0425153544697318,0.5257276593334308
339.240085,0.042589373867433014,0.5255542187969666
339.276837,0.04278821049780102,0.5255183192448364
339.309896,0.04286359979763941,0.5257049052565874
339.345589,0.04289603334008377,0.5259886517181701
339.378478,0.04265107024150197,0.5257940981624816
339.410385,0.04247694403833124,0.5256670123027568
339.442827,0.04251069087420087,0.5256924931189183
339.479844,0.04257744581544326,0.5255007061150208
339.511761,0.042574476294028246,0.5255912600905274
339.543166,0.04268064934970462,0.5259573083386224
339.574809,0.042667856810222726,0.5259510611380915
339.607005,0.04246799692353751,0.5259274655997799
339.640759,0.042562753646461185,0.5257658948594364
339.674737,0.042616014289082696,0.5255290382172487
339.712145,0.042654431089813635,0.5254222292846515
339.743463,0.04263437189910669,0.5254760838947944
339.777471,0.042623573703345664,0.5255496343157268
339.807541,0.04275817427927643,0.5257359631982548
339.841001,0.04301839548077258,0.5259245794702542
339.87649,0.04274526098776113,0.5257780545137605
339.915872,0.04255406684265311,0.5256754870442149
339.952269,0.04268206483235004,0.5260566255111812
339.983144,0.042501292286088364,0.5258416798175893
340.013982,0.042741288776635335,0.5256721026224955
340.045044,0.04278583094458525,0.5253579191929245
340.078955,0.04289355847226104,0.5254618943528633
340.11018,0.04310845043351814,0.5257817084150921
340.148339,0.04311009714269037,0.5257829191476293
340.1796,0.0429619703788,0.5257573737236988
340.212569,0.04284964940139714,0.5257106850021275
340.251359,0.04277640925181254,0.5256709755094084
340.287392,0.04271373505326748,0.525730386420276
340.313965,0.04268126920812178,0.5256847665021125
340.354352,0.042774309492776726,0.5259837635076555
340.386966,0.04271828678118085,0.5258691578508972
340.420183,0.04252664765026993,0.5257104524553906
340.446707,0.04239250025863228,0.5255993586785359
340.486945,0.04230392126938049,0.5255145298843318
340.518803,0.04250425837030253,0.5258553889575912
340.549412,0.04285612733774551,0.5261082954236189
340.587337,0.042775559272659004,0.5259563301920716
340.619567,0.04272240486483229,0.5258858067238208
340.651248,0.04269058578429934,0.5258293950270327
340.688529,0.04266292342298052,0.5257969521082936
340.723288,0.0424878932995297,0.525659908435568
340.824803,0.04252103868364177,0.5256783114942682
340.85577,0.04259073766338048,0.5255000773023506
340.890118,0.042552109287053864,0.5257043667699554
340.923729,0.042568778254697084,0.5256828426963052
340.95764,0.04263330057827289,0.5255946588270041
340.992665,0.0427407314518825,0.5259206881350795
341.025628,0.04275366781630268,0.5257611506341461
341.059596,0.0427627232713968,0.5256494743834926
341.092944,0.042825419771713946,0.5259498501070038
341.129846,0.04279173671963816,0.525741259353696
341.162964,0.042724479926964674,0.5257596473576
341.195728,0.04273314653370651,0.5255570124066828
341.225921,0.04269485724442909,0.5255634046925972
341.259728,0.04247838344903386,0.5256273706886877
341.293948,0.042414214692633526,0.5254416199618177
341.327088,0.042469463658814446,0.5255255095626431
341.369566,0.04256440620992518,0.5255009228712183
341.400919,0.04241095391374583,0.5254688706306718
341.429766,0.042517413300506554,0.52545195941286
341.465705,0.04252921476618707,0.5255212852051824
341.495282,0.04253747579216342,0.525569813259808
341.530401,0.042761771373267636,0.525636845594503
341.566261,0.042718781600019295,0.5256714300673209
341.595574,0.04252910738064316,0.5255290740184686
341.631473,0.04239714791289396,0.5254457862592629
341.665941,0.04245965820986031,0.5254855463894033
341.696092,0.0425012741208732,0.5255562580619529
341.741803,0.04253040525858222,0.5256057562327378
341.779083,0.04265353795370691,0.5259435124523635
341.809619,0.042635410791008306,0.5259647571175333
341.840642,0.042621057689942954,0.5258558533778116
341.885235,0.04246070064358972,0.5256581703358121
341.914949,0.04250200382448378,0.5256770948244391
341.953039,0.04237524958058198,0.5255760083368699
341.982232,0.04248589579386313,0.5254551083683865
342.017432,0.042363973959147525,0.525420617817633
342.050505,0.04243429514537425,0.5255108080617138
342.086431,0.04265019356150548,0.5255596003550375
342.120473,0.04263464886702482,0.5256080958378969
342.160031,0.042614518430135334,0.5256664328965406
342.195306,0.04260643303733187,0.5256470264231167
342.225268,0.04291217661141139,0.5258623237276575
342.256279,0.04281803700195896,0.5258200021987309
342.296841,0.04279584698882702,0.5256259040716891
342.333975,0.0427366062661499,0.5256545084395531
342.365314,0.042807137868041106,0.5259533739462461
342.393395,0.04274450988159976,0.525883737351743
342.42755,0.042812670398856015,0.526113834184779
342.457938,0.042846438626819215,0.5264792147692653
342.495959,0.04280188904529944,0.5262920590630797
342.523589,0.04291354761449788,0.5261445813053984
342.562736,0.0428189967041195,0.5260175825031496
342.593597,0.043009320773232614,0.5263973367820508
342.629054,0.04309360624778672,0.5260251208968191
342.673944,0.043045074085393376,0.5262463302790185
342.72577,0.04301110157171803,0.526401176846558
342.772658,0.04292171397964102,0.5260571880713839
342.837878,0.04266904668919205,0.5258420736097313
342.909125,0.04264460281867158,0.5257699749223502
342.961301,0.04279141307807823,0.5257144632882355
343.011088,0.042548084772187494,0.5256902500055765
343.048452,0.04267252749362649,0.5259848124627048
343.090002,0.042693990332994286,0.5257412712564709
343.152138,0.04267069561201274,0.5257282201998879
343.258877,0.04265438930732566,0.5257190844602797
343.31537,0.042689953784940546,0.5256041493844181
343.350797,0.0426711087957606,0.5256880069555673
343.376286,0.04265253612149851,0.5257338147707068
343.406097,0.04274828876678514,0.5260088883780537
343.437946,0.042544440447658864,0.5257723401049941
343.46066,0.042560621687332184,0.5257570136628665
343.488821,0.04257194855510352,0.5257462851533773
343.519638,0.04262358507602821,0.5255743021399416
343.545062,0.04272802303495593,0.5258972295365181
343.57347,0.04280112960620533,0.5261232787141216
343.602619,0.04285230420607991,0.5262815131384441
343.627108,0.04276363840008841,0.5261019728130912
343.657152,0.04270157233589437,0.5259762945853442
343.686634,0.0426673707713632,0.5258639296052793
343.713572,0.04263379719306665,0.5258695133636948
343.741563,0.04274060634289926,0.5260968857683131
343.768782,0.04254227134347281,0.5258698619975817
343.794415,0.042512166891815514,0.5259539713762125
343.823489,0.04236995068791069,0.5257583599499209
343.857242,0.042284925742167134,0.5255899249362886
343.885382,0.04237571815575414,0.5255934708509403
343.914643,0.04243927284526504,0.5255959529911965
343.944454,0.04261098165426029,0.5259766866231802
343.973705,0.04246328772484621,0.5258503995960345
344.003143,0.042503814781363336,0.5258116553065949
344.033815,0.042537572725871074,0.5257774890349747
344.07278,0.04256120328702649,0.5257535726448406
344.101772,0.04242856356718823,0.5255959615542845
344.127759,0.042923344172567914,0.5259878863696306
344.15429,0.04282261105703468,0.5258720438542797
344.192085,0.04291000957915195,0.5258461539550605
344.220453,0.042823015495541746,0.5258803341013976
344.245945,0.04274430865156863,0.5258130114531469
344.279191,0.04270052943006902,0.5257854836065735
344.309158,0.0426698839750193,0.5257662141139722
344.364803,0.04249276568595684,0.5256383918395431
344.393139,0.04251520020338775,0.525687640097693
344.460111,0.04254879134695745,0.5257264948197888
344.493702,0.04238225499253185,0.5257508142209133
344.52171,0.04254774623237548,0.5259985614211615
344.55077,0.04266359010026602,0.5261719844613353
344.579504,0.04276146137793882,0.5263086155366615
344.613884,0.04264962847884512,0.5256820993342202
344.652236,0.04295124347606511,0.5259156101646761
344.678887,0.04285187922338096,0.5259289534481285
344.712983,0.04276657967958464,0.5258910332237028
344.742867,0.04298882604574689,0.5260780644297639
344.774941,0.04271279307360321,0.5258405222809341
344.810838,0.04267846852549323,0.5258047411860246
344.846458,0.04249665480857974,0.5257083476597918
344.879714,0.04284748225812236,0.5259696752538678
344.913048,0.04278463984611515,0.5259597179787634
344.947711,0.04284340782024481,0.5261405382800196
344.985769,0.04277268722793075,0.5259881627533501
345.014673,0.0427231828133109,0.5258814998846815
345.048253,0.042885170289068415,0.5257833039628561
345.076203,0.04291113268408407,0.5260435308125582
345.106176,0.042929306360595026,0.5262256896073496
345.131304,0.04286445733185492,0.525934347003938
345.162881,0.04266021030041692,0.5255801498325356
345.191848,0.042638417346528984,0.5255866282783133
345.222376,0.04267225676206377,0.5254195554575848
345.252532,0.042961567982031296,0.5257388210758636
345.280116,0.043013276398972046,0.5257127542819131
345.307313,0.04290069574470993,0.525779873298395
345.334379,0.042933977683871714,0.5261054308382191
345.360804,0.042880266585293224,0.5258616457201304
345.427934,0.04299512892945604,0.5257694060476703
345.484258,0.042917662218101796,0.5256335093985456
345.511922,0.04303541652701456,0.5254997400529504
345.549774,0.04301413246134431,0.5258877368431414
345.579768,0.042731619563675494,0.5257664446197735
345.614062,0.04268950018374482,0.525795784286057
345.647856,0.04278286849619797,0.5260809309124713
345.674898,0.04273615915192461,0.5260017983901337
345.745165,0.042806824888083406,0.5261964769116525
345.773133,0.042731802877490864,0.5260424474543371
345.802424,0.042693916685078145,0.5259032092259552
345.834325,0.04278268998730731,0.5261204728718955
345.860858,0.04293229366449501,0.5259435576662869
345.891547,0.042958416338519156,0.5260454159702674
345.919775,0.04285904264154944,0.525976937930591
345.945554,0.04282995558770536,0.5257287138149788
345.976858,0.04275402933750974,0.5257242579670702
346.011727,0.042983347746492415,0.525997030892806
346.044084,0.04297985690428087,0.5261931396635231
346.07464,0.0430326645852654,0.5260823829947213
346.109725,0.042933554793106524,0.5257980907742986
346.144908,0.04267410319675495,0.5256445407221084
346.18449,0.04296286048631512,0.52589631076103
346.213656,0.042849275588973855,0.5259209155719666
346.244676,0.042618339815725034,0.5257466828601391
346.272709,0.04245347618191679,0.5255887962424538
346.317265,0.042657624432349876,0.525587638212308
346.346533,0.04264494890891837,0.5254724760802043
346.380755,0.042674685323698607,0.5253826357887206
346.418746,0.042608086504662336,0.5256486758168748
346.443713,0.04264562275676629,0.5254700340035903
346.473334,0.04294292417832306,0.5257741560580673
346.499546,0.04268068523573541,0.5256080274810035
346.533332,0.04276799314675097,0.5259208372752614
346.568601,0.04282584309498623,0.5261041128699504
346.60056,0.042965171873014255,0.5258198641583488
346.631021,0.04285189044734712,0.5257544283063824
346.663041,0.042672206189062326,0.5253465965185692
346.69933,0.04265544671126037,0.5254519478833567
346.747842,0.04294648618316134,0.5257257687498255
346.823125,0.04283881046445008,0.5256885615204161
346.867041,0.04293939260790333,0.5257221330255339
346.922902,0.04287753702903498,0.5255214540496517
346.961059,0.04279054605656163,0.5255455412302945
347.006035,0.04257402055050241,0.5254479971015626
347.098623,0.042315821476873905,0.5250937569676758
347.128644,0.04244429612126748,0.5251175324099505
347.155561,0.042614497947462006,0.525641792216308
347.186872,0.042609661937194385,0.5256656301407863
347.212022,0.042649984443491815,0.5255178436311279
347.237889,0.04267821019790002,0.525414393074367
347.262185,0.04269796822598576,0.5253419776846344
347.28784,0.042668091132161017,0.5254557599686148
347.312985,0.04295533727779179,0.5257284372095061
347.343524,0.042845566141823256,0.5257354905536428
347.37799,0.04288070186749451,0.5260193418693004
347.408262,0.04265209187411016,0.5258802582683186
347.43655,0.04264136669079385,0.5258255111081813
347.459175,0.04266891888705835,0.5255938187075049
347.490059,0.04248888153185011,0.5254817913356098
347.516611,0.04263373055403126,0.5258324719734858
347.54448,0.042934599636408534,0.5260278626369943
347.579902,0.04300312244185705,0.5258454532286779
347.610279,0.04288169908327091,0.5258081928494452
347.645213,0.0426123712704734,0.5258345209481334
347.67614,0.042608173263302365,0.5258005402530641
347.707925,0.042446359595220924,0.5256264964175013
347.7438,0.042603965198390825,0.5259337655308098
347.770503,0.04259904577511072,0.5258341592671052
347.797774,0.04270757993483805,0.526043438264241
347.828429,0.042891167425085946,0.5258062703847459
347.862478,0.04275962397563347,0.5259452200340926
347.891777,0.04270800691918057,0.5258421774194031
347.919396,0.04288816049151485,0.5256294640739533
347.947936,0.042797982480297536,0.5256211482473055
347.978107,0.04294236809046967,0.5254458294403044
348.005704,0.04287360054276717,0.5253884448870063
348.034506,0.043107336604750475,0.5255617795372831
348.062349,0.04278977137397669,0.5255197315006831
348.092885,0.04257347827269295,0.5254299302908345
348.123533,0.042624655878340814,0.5253528537361616
348.15026,0.042728772596574746,0.525742215653872
348.182769,0.042689654191573306,0.5257359265470811
348.217279,0.042742499532469,0.5261413835911966
348.252748,0.0427336925521667,0.5258753327926309
348.28726,0.04299524677084114,0.5260821302612838
348.321738,0.04273227330645281,0.525924210142707
348.362444,0.0427477471145019,0.5257636160394853
348.390717,0.04270293635412231,0.5257509068170104
348.420763,0.04271201765138827,0.5255415957036852
348.455728,0.04295393956620738,0.5258691673084366
348.489013,0.04288771989984782,0.5256243780476835
348.523299,0.042800917303864455,0.5256534402227491
348.555774,0.0428521555944413,0.5259526261944832
348.599104,0.04277602229007989,0.525883213925509
348.631161,0.043034203851642576,0.5260633820034104
348.66987,0.043012190588410354,0.5262038941796547
348.698916,0.0428065076318055,0.5263255521586685
348.744798,0.04274082547850099,0.5261084099066062
348.77297,0.04274179892240644,0.5258277894672019
348.808981,0.04273922144918716,0.5255954135588192
348.845469,0.04280896849616719,0.5259120075297324
348.87415,0.042864328195939924,0.5262049521877744
348.904595,0.04310265533546937,0.5263599991909726
348.93769,0.04314961641226443,0.5260234284478867
348.967991,0.0431253011170622,0.5259890482480238
349.005442,0.04301419298852656,0.5257801779069937
349.028947,0.04300471528076749,0.5260770159533527
349.072631,0.04299154858879779,0.5262134379446143
349.109049,0.04268287109101587,0.5260465775340541
349.144705,0.04251039391493143,0.5258634531584203
349.178792,0.04237191149110336,0.5257309030354792
349.209128,0.042486348628603586,0.5255368913811983
349.243112,0.04251995741399349,0.5255921995562095
349.276946,0.04265765067289824,0.525867074841782
349.309113,0.04275840571965166,0.526173499306209
349.353298,0.04298641121399175,0.5263114998302032
349.376825,0.04314601506002982,0.5264081001969991
349.414624,0.04325773775225646,0.5264757204537562
349.453988,0.043371404675166175,0.5264781365731835
349.479563,0.043251496754352504,0.5265299136397874
349.510938,0.04305880769251284,0.5263231494496609
349.547629,0.04292282005559353,0.5260997006226819
349.575594,0.04294292234666808,0.526258016849604
349.619329,0.04283030986588562,0.5261213776047357
349.652347,0.04287780423324262,0.526144945383343
349.679483,0.04282515254669059,0.5258418844463338
349.712377,0.043036443168291125,0.5261150428081887
349.741458,0.04290502359177477,0.5259969055551027
349.776691,0.042863262075126814,0.5258215838599616
349.812562,0.04295977767761394,0.5257527353117754
349.843318,0.0426956912777731,0.5256289566780052
349.881761,0.04271020498189691,0.5254921722071811
349.913946,0.0427913615298207,0.5259283051252575
349.95367,0.04293773342513589,0.5256608392548707
349.987565,0.04294466128985567,0.5259221142556769
350.023582,0.042681901213808236,0.5257115982193303
350.055357,0.042965004334944844,0.5259075239850071
350.0904,0.04291070800827826,0.5256534450140685
350.125674,0.042860716693250527,0.5255093140424254
350.156872,0.0426263485887187,0.5254585617894603
350.190578,0.04289445849030972,0.5258613975723854
350.225154,0.04275331783035231,0.526103417706111
350.258421,0.04301831072983327,0.5262175246498318
350.291955,0.042889087647120426,0.5260327906504206
350.324395,0.042642999663893566,0.5257890716956508
350.372409,0.04263610855486088,0.5258403765198107
350.397629,0.0427367894701388,0.5260834816024265
350.428308,0.04280726611083334,0.5262536551602575
350.460971,0.04294732547924826,0.5260796827309852
350.49241,0.04268697473891712,0.5258578198714521
350.525173,0.042772395798978166,0.5260956919485754
350.553564,0.042704072592250376,0.5259959305729567
350.587155,0.042995997293109,0.5262066745543748
350.623739,0.04298871158691248,0.5263398902266213
350.660792,0.042712736421748006,0.5260040413989913
350.695155,0.04295113576526125,0.5261571701524659
350.723599,0.04284206517192002,0.5259905425022644
350.760237,0.042877693512604564,0.5261529065288525
350.795758,0.04274097214340781,0.5262121840300356
350.829313,0.04274190158784121,0.5259004313536024
350.868047,0.0430103193600755,0.5260754342030759
350.904799,0.04296696515042054,0.5263790389503928
350.936084,0.04289199865669933,0.526033537628663
350.967127,0.04280715902415562,0.5259756862418737
350.994765,0.042732036772741414,0.525887893985492
351.026398,0.04269193911488997,0.525837901379215
351.055957,0.04278784804299775,0.5261460504947931
351.095917,0.04256612938074978,0.5259287211709401
351.127698,0.0426162527700275,0.525666065751436
351.164837,0.042654598026475,0.5255181485585827
351.19314,0.04263773199250348,0.5255790795803785
351.227171,0.04266637459825509,0.5254213166380428
351.257549,0.04275797570051475,0.525790139685189
351.287465,0.04271223766119486,0.5257265937875515
351.333081,0.04263651220259909,0.5258466741229657
351.360691,0.04272781281451872,0.526112154975523
351.416816,0.04280098245189928,0.526273726521425
351.443441,0.042705170322978894,0.5262031489302166
351.475861,0.04271684031354097,0.525894106783729
351.511086,0.04279244115915591,0.5259365568069446
351.542942,0.04284622229314532,0.5261508078034202
351.570616,0.04278381598515987,0.525988306150718
351.59614,0.0428084127879796,0.5263180493137423
351.630293,0.04278523424701495,0.5259919535294004
351.663856,0.042682240924295005,0.5260394354484855
351.692415,0.04292978891704415,0.5261819459871119
351.734851,0.04294236572366709,0.5263225802295373
351.766164,0.04299984711157508,0.5261012870032664
351.803762,0.04299140645983874,0.5262661189408454
351.833918,0.04287025465812426,0.5260668066541301
351.869992,0.042988066936257466,0.5258101470450522
351.899024,0.04314717406561582,0.5260571532473934
351.931878,0.04298253521990206,0.5259563828625461
351.96832,0.04294426295628148,0.5262601011576976
352.003238,0.04284049744336802,0.526098446399759
352.039713,0.04260898652126688,0.5258350307201878
352.071659,0.042714538457147365,0.5260440482813988
352.108493,0.042791690401739337,0.5262260518355382
352.139761,0.042842431173478086,0.5263177630621442
352.173607,0.042881215303170836,0.5264176521820598
352.206502,0.04289701844982277,0.526465347993964
352.23969,0.04300350135577102,0.5260531486193496
352.275234,0.042881964323010696,0.5259535796229154
352.309534,0.042641221929550825,0.5257695476958033
352.343418,0.042672076438141325,0.5255905859196398
352.374686,0.04275870139895947,0.5258729369210153
352.407668,0.04281334525197099,0.5261305389341577
352.442593,0.04274885505035067,0.526007752843281
352.476935,0.04273814141468387,0.5257817912690901
352.509112,0.0426962123642497,0.5257636294777337
352.546359,0.04270731085847744,0.5255505015661914
352.579936,0.0429484442821905,0.5259180842983145
352.609373,0.04268454930844262,0.5257087772491766
352.642066,0.042499822826819106,0.52556226231478
352.678195,0.04248245293015792,0.5257386515982512
352.714554,0.04247352382918385,0.5258978868835462
352.757344,0.04262298016216488,0.5261237388570413
352.791835,0.04257189289158872,0.5261674479646994
352.823163,0.04269183850584828,0.5263124316138486
352.84906,0.042548610626746045,0.5258202936690769
352.884365,0.042603989642224886,0.5255901665001317
352.913215,0.04272266578272335,0.5257888153549475
352.950726,0.04279737952964253,0.5260473887870222
352.984817,0.04277328872215472,0.5258013825143035
353.033462,0.042561940416417574,0.5256270860003689
353.083305,0.04261984049807532,0.5255268043336352
353.115988,0.042616648313118816,0.5256209729353543
353.151171,0.04265487490663892,0.5254865835873255
353.182482,0.04310990183551089,0.5257448817826885
353.212568,0.04300015237231337,0.5255733197804595
353.251291,0.04299378714372215,0.5258538589987569
353.283537,0.04303912781165687,0.525809052216946
353.313391,0.04290365960439695,0.5257468599474004
353.344223,0.04312354997166452,0.5259679342187344
353.378525,0.04297794536012331,0.525860294641438
353.411799,0.0429760752338225,0.5260974242875656
353.448114,0.0429064737511315,0.5258200995338733
353.478756,0.04309225265948441,0.5260214371034446
353.511384,0.04315165856816298,0.5257619911217948
353.545555,0.04310310930546669,0.5260216201989831
353.578164,0.04306368999556286,0.5262103521778472
353.614191,0.04296454520039665,0.525863207456271
353.65358,0.04312140382040575,0.5261185427047412
353.690803,0.0430764961560202,0.5262781979318778
353.717723,0.04293520198004868,0.5260682345602337
353.786103,0.04295813204860884,0.5263072837215061
353.82466,0.042806499212099496,0.5262959293698248
353.861787,0.04285606293020583,0.5264023685974363
353.896415,0.04262309095458742,0.5260836999779679
353.933546,0.04265612587171384,0.5257745509163554
353.96367,0.042914815320435284,0.5260322359573056
353.994948,0.043092590994342345,0.526176906343286
354.035877,0.04304380796719881,0.5263076262684556
354.063861,0.042918527326569006,0.5260123914389138
354.100625,0.042825729093064396,0.5259608839090493
354.13709,0.04286625825740563,0.5261321455136019
354.17333,0.04303030933304992,0.5264133545683378
354.209261,0.04301273001487112,0.5264845662363954
354.239097,0.04300042449214596,0.5265344144040357
354.264745,0.04299181062623835,0.5265693081213839
354.29636,0.04291748852582259,0.5261504182175463
354.321911,0.04293919027582842,0.5262935191660092
354.346205,0.043044514899603786,0.52595244856559
354.375125,0.04291902217925249,0.5257637670469077
354.402655,0.042866536612932486,0.5255865394654129
354.437803,0.04329932746284924,0.5257628875680345
354.464607,0.04312347210343286,0.5256103855764174
354.495807,0.04306980121460481,0.5259387778914681
354.526793,0.04292837422419435,0.5258735201133984
354.554366,0.04294137543867223,0.5261066821179378
354.580401,0.042882183894526305,0.5258265800151339
354.608843,0.04296100553721978,0.5257899569284099
354.639679,0.04297338827744678,0.5260930701859617
354.670366,0.04298205619560568,0.526305249466248
354.705976,0.04290740154042663,0.5259296355581515
354.737343,0.042858402165754386,0.5257026474232835
354.77993,0.043255728148508685,0.525931871373331
354.811598,0.04311089991446537,0.5257330730629094
354.914917,0.042957143314096745,0.5257295267334072
354.958176,0.0429615138016039,0.526005886751944
354.989023,0.04309571751746791,0.5257058838317533
355.035857,0.0430704929248023,0.5260536382115699
355.066366,0.042939348093755006,0.5257916486920686
355.095104,0.04287861563311107,0.5256490792496245
355.126265,0.042834993146680406,0.5254703164065151
355.159423,0.04287927539147519,0.5258601129030176
355.187265,0.04295184608497528,0.5257949227077257
355.211091,0.04295780574121888,0.5260516639339669
355.241563,0.0428499773928242,0.5259525403431475
355.273807,0.04287397844613611,0.5261505700683587
355.304291,0.04315119932705872,0.5259307762260432
355.338727,0.04283289614250559,0.5257894732746121
355.369605,0.04260687420319725,0.5256546732519911
355.396859,0.04287210141803668,0.525964700948635
355.433078,0.04263431789606901,0.5257773326238071
355.471262,0.042839883997947616,0.5256199964364421
355.517051,0.042879432280299515,0.5259292155440684
355.560274,0.0427918727324468,0.5258309742763861
355.595563,0.04292995970331067,0.5257120480804301
355.633146,0.042914627180672724,0.5253498321243186
355.669541,0.042828451698346856,0.5253917709815146
355.707622,0.042803137276298545,0.5253261422196377
355.742274,0.042943309884874735,0.5253516561344806
355.776026,0.04321306750091523,0.5260257451324544
355.816831,0.04313251799284246,0.5262295295806941
355.853918,0.04282193368332762,0.5259556495158426
355.89034,0.04275162371456648,0.5258494780566281
355.926223,0.04254998350363987,0.5256966765994022
355.968249,0.042676501934284086,0.5259828916581405
356.01396,0.04276506483573504,0.5261832421992573
356.059832,0.042711815521251674,0.5260087929350183
356.117505,0.04279848923245277,0.5262300369667443
356.158348,0.04273845583668792,0.5260774014660917
356.190441,0.042773407388031585,0.5263448141801795
356.22319,0.042828022620886634,0.5264885691753932
356.254486,0.042866253283885165,0.5265891976720428
356.289586,0.042762549866325585,0.5263402580515976
356.32841,0.042765675116937206,0.5260189437376961
356.443645,0.042568356733076365,0.5258441095009698
356.511668,0.04268936319488964,0.5260860946892378
356.543613,0.042705775323878495,0.5258121688150439
356.578588,0.04267355610068593,0.5257848937599015
356.616626,0.04261382722750472,0.5259037561716343
356.651692,0.04252384454237041,0.5255946599693292
356.680193,0.04259643674054376,0.5255400119499202
356.721034,0.042605718390256585,0.5255248968594357
356.762341,0.042632541101452995,0.5254508731121976
356.802855,0.042731026663277646,0.5257751379558058
356.84466,0.042731680867797,0.5255585575008419
356.877688,0.0428058570905607,0.5258435254030246
356.910889,0.04285561344512867,0.5260856858206762
356.944583,0.042778442785561054,0.525976355663844
356.981052,0.04288004956125615,0.5260835022274013
357.014368,0.042844660431500065,0.525803308822746
357.047539,0.04288821060980265,0.526050542589649
357.077652,0.04307727463709745,0.5262254301286112
357.108471,0.04330709651974045,0.5265685972078105
357.143685,0.04331227854497276,0.5266944984150352
357.186784,0.04306630964999327,0.526533452042609
357.227184,0.042770263658438626,0.5261754583895889
357.268137,0.042753127440345436,0.5258991851515056
357.307213,0.04275367141482483,0.5257172737394309
357.354895,0.04301523118219848,0.5259317385864432
357.39133,0.042924604706977336,0.5257285812893036
357.425129,0.04292947756758349,0.5260294899919595
357.45987,0.042798348965820784,0.5260679461464559
357.497663,0.042741604240540645,0.5259997722043288
357.538908,0.04296534514850655,0.5262141380283817
357.578475,0.04289570380745724,0.525865857551645
357.618583,0.04280326280145721,0.5257866236816898
357.65901,0.04262660763367229,0.5254522281165658
357.693728,0.042673781143555536,0.5254332286211865
357.733178,0.04285872850701277,0.525350245184214
357.772119,0.04282433104236469,0.5252970741615273
357.810618,0.04279484593077184,0.5252669175960525
357.856244,0.04279758627456999,0.5253128095814121
357.902108,0.042799504515228695,0.5253449339711639
357.939212,0.042744264966933544,0.5253025831114034
357.97488,0.042740947680356134,0.5252277691097603
358.011467,0.04327098483709238,0.5258199877790691
358.053873,0.04312157959647396,0.5256547545469261
358.093364,0.04300506792103442,0.5254742891146262
358.137333,0.04297702987635766,0.525291493871556
358.178552,0.04297216880571091,0.5256635724873566
358.216978,0.042698088698346126,0.5255643611709134
358.252836,0.04250930039975156,0.5254611710599958
358.292376,0.04269998709087746,0.5255341706598132
358.330496,0.04283346777466559,0.5255852703796854
358.36461,0.0427629408162369,0.5256260648551505
358.404911,0.04275666275074815,0.5255434702463989
358.443999,0.04274962612902636,0.5253963901042571
358.480272,0.042801643791207274,0.5257147732782106
358.514929,0.042728176109677565,0.5257052549109278
358.551925,0.043000711525360946,0.5259388106932036
358.586075,0.04316264586390668,0.5262185645608956
358.626791,0.04299012224097182,0.5260335185881652
358.689924,0.043028313469423755,0.5260542079934813
358.728151,0.04293978163209928,0.5257539065272149
358.771512,0.04291758874083718,0.5261539695772901
358.803562,0.042653745982225856,0.5258983586906752
358.840212,0.04283656450730888,0.5257951051270517
358.882094,0.04276186529135336,0.5257370969844745
358.917854,0.04282481918568354,0.526011185927691
358.963938,0.042800594517434225,0.5257597326819612
359.013084,0.04273992953617494,0.5257481884667435
359.052456,0.042667805523111266,0.5258282627857139
359.091863,0.04264373400241503,0.525760307345538
359.122895,0.042670576005193174,0.5255481760736546
359.152928,0.04275765109589577,0.5258432500288256
359.188382,0.042662932718511584,0.5259353429980831
359.214707,0.04268401510646076,0.525670701030436
359.240329,0.04250265747796587,0.5255715326810677
359.271763,0.04252813037081325,0.5255805962722857
359.301953,0.042589653463071926,0.5254223783223779
359.329333,0.042592270798121334,0.5255120404150352
359.361958,0.04290557780727158,0.5258035605460788
359.39348,0.04286365002597458,0.5256862423536449
359.420184,0.04306670281433623,0.5260417667232045
359.450467,0.04287005441586666,0.5260986233792166
359.479144,0.04267658488492513,0.5257066410312078
359.50936,0.04269897403894107,0.525503564384611
359.543565,0.0426774944991347,0.5254993835637193
359.5746,0.042754413886997474,0.5258225599611257
359.604109,0.042704359857135374,0.5257563153683262
359.663747,0.0429430727586402,0.5260264626985174
359.692447,0.04301020585970853,0.5260015434316563
359.719691,0.0429422999017809,0.5258177493417499
359.744593,0.042683456834689965,0.5256744664989874
359.772876,0.042874281254982285,0.5255479901490684
359.79851,0.04283195908199025,0.5253995540361258
359.829155,0.042749396813225655,0.5254846014414685
359.858423,0.042803572040417126,0.5258230128371834
359.884974,0.04301802763852758,0.5260661593018853
359.90737,0.04273646625041264,0.5258483534710823
359.945744,0.042807039857025025,0.5260890654683166
359.9756,0.042788148987373265,0.5258142483603991
360.006058,0.042898469043430074,0.5258171590825345
360.03146,0.04276473510847436,0.5259528421225446
360.060555,0.04299084178616765,0.5261570398016381
360.09452,0.04285698478328301,0.5260388740701005
360.126492,0.0428751419378815,0.526234982625819
360.177815,0.0429008472487776,0.5263240146153407
360.215129,0.04265443997758766,0.526028852190501
360.241765,0.042745794847852965,0.5262326701165722
360.271862,0.04281356987523326,0.5263580871201594
360.297109,0.04285774680492383,0.526410187761379
360.327015,0.042820384966949336,0.5260030923647432
360.360275,0.043061942962143614,0.526111569886796
360.389924,0.04302561434619988,0.5262975820102042
360.424916,0.04273256579299127,0.5260347932317279
360.452921,0.04265720825375664,0.5261338856634393
360.480149,0.042498558776448994,0.5259338850549684
360.510031,0.04260547944586433,0.5262443526923932
360.542162,0.04260334898607601,0.5260874224740459
360.571801,0.04271385777198939,0.5262564137703911
360.607471,0.042679213814363556,0.5260958652286445
360.635677,0.04269326387117105,0.5258260713430345
360.664601,0.04287427301991838,0.5262945714084774
360.695148,0.04263262942485213,0.5259723182262905
360.727325,0.04273108848965704,0.5261401495356708
360.761724,0.0428895196201958,0.5258695336891754
360.795481,0.04291091162639761,0.5260682003596903
360.82889,0.04292588603073887,0.5262072670290506
360.862776,0.04293746111395133,0.5263830057264114
360.89253,0.0426768610906752,0.5260342222488443
360.920403,0.042687745642911036,0.5258003198529844
360.946216,0.042769669842298276,0.5260197506743565
360.975024,0.042833549078407696,0.5262447168905066
361.002485,0.04275050981071787,0.526076215439535
361.025777,0.042792285668443016,0.5256407981648522
361.053562,0.04277782105536586,0.525500461247974
361.080741,0.04260353345862953,0.525407214314927
361.109606,0.042642435624543326,0.5253010109522268
361.140161,0.04262382818861847,0.5254341285249419
361.212302,0.04291834171635738,0.5257732872739015
361.238753,0.04281910933768731,0.5257218244872693
361.265811,0.042855630809080475,0.5260247602305355
361.294814,0.04281890376985899,0.5257332930931528
361.325859,0.04275924142903667,0.5258013314980621
361.354176,0.04271098237429666,0.5257773076380141
361.380654,0.04278320305383429,0.526099271815955
361.409835,0.04258062628890432,0.525900339155751
361.441916,0.042401620314416785,0.5258990233625473
361.470641,0.04254413023206417,0.5262911353349538
361.503847,0.04266913905470547,0.526363321511735
361.532961,0.0424890356492031,0.5260204432985709
361.559061,0.04279785216467776,0.5262043606248565
361.584543,0.042846744407534984,0.526302579214667
361.613212,0.0427285278633478,0.5262926362150374
361.641718,0.04288443141745228,0.5259403148825391
361.672392,0.04282979157563735,0.5256986430957711
361.696861,0.04288072713611207,0.5258647489718951
361.728128,0.04274309567986307,0.5260104737401654
361.757299,0.04265274392728869,0.526052399596021
361.786313,0.04274516864136263,0.5261962064944822
361.811812,0.04270113142292482,0.5260537201355082
361.846501,0.042943012266085025,0.5261919452680277
361.873403,0.04299541807086053,0.5260620561990329
361.900436,0.042988306131338555,0.526238657377882
361.927606,0.04302704219268047,0.5261978051462831
361.955773,0.043062406345927694,0.5260498145202143
361.989128,0.04296364664565204,0.5257508310959279
362.020823,0.04296280054421698,0.5259851085444169
362.046125,0.04286211158553791,0.5259347227324956
362.078397,0.042782991483847524,0.5258706815021177
362.108925,0.04283960752042945,0.5261046950900413
362.149801,0.04308203162895611,0.526254127961268
362.178203,0.04297738434377193,0.5258938505046655
362.207731,0.04271012930127,0.5256847683246099
362.24113,0.04270414011315912,0.5255438646235678
362.270411,0.04278114597147194,0.525840232013765
362.302516,0.04268260895810366,0.5259689931744059
362.333227,0.0426540964069097,0.5258588186176224
362.37341,0.0425936742629101,0.5259820037971061
362.402158,0.04264746219454637,0.5257681657595521
362.42853,0.042741471428443006,0.5259972428089539
362.45729,0.042703641806183565,0.5257591992978564
362.487794,0.04266881940056564,0.5257119629040378
362.5138,0.042847115900146726,0.5256646280764055
362.544838,0.04288449461183889,0.5259604576920428
362.574614,0.042910659710023405,0.5261675384229889
362.603487,0.04286068288447213,0.5258691794286697
362.629131,0.04262632492257383,0.5257104675598314
362.655714,0.04261469758203882,0.5256778506874202
362.681362,0.042606558443664316,0.5256550188767325
362.709476,0.04260624558139956,0.525632009221632
362.739501,0.04264759299443544,0.5254943089877199
362.763251,0.04294430334469146,0.5257911485469581
362.789797,0.042838378830456,0.5258130770350862
362.816649,0.042764231670491176,0.5258284269767759
362.842134,0.04255880907278716,0.5256819408435056
362.871414,0.04277494670521241,0.5254883842576444
362.902366,0.04275315227706944,0.5253822916583448
362.953898,0.04281872007568479,0.5257628221994003
362.980067,0.04259374236388862,0.5256000937799366
363.008757,0.042707133136458214,0.5259152836845146
363.037358,0.042718214282976494,0.5256926011117377
363.070499,0.04272382196556611,0.5255797459433927
363.097164,0.042994348861175355,0.5258152273918507
363.125796,0.04298755768455893,0.5260658772128545
363.153656,0.042982803860927433,0.5262413320875571
363.181844,0.042872574508922665,0.5259300617928787
363.209676,0.042787072292483005,0.5258315666505534
363.243304,0.04283919849699865,0.5260416234326548
363.270306,0.0427637090841362,0.5259096597983967
363.296293,0.042763222097516096,0.5256816191224427
363.322877,0.04306896707655194,0.525757756821684
363.347374,0.043039790435322536,0.5260256478137377
363.377601,0.043019366786461954,0.5262131715081754
363.4075,0.04300507023225955,0.5263444380942817
363.437215,0.04288630912704778,0.5261933165678069
363.461116,0.04277674430114486,0.5262113243860085
363.494705,0.04276368321430405,0.5258638880019839
363.53853,0.04282609173174902,0.5260999396399477
363.564737,0.0427577775861953,0.5259863333373341
363.629482,0.04270671444657385,0.5258709567316722
363.658541,0.04271792120005744,0.525661572244748
363.694947,0.04272902704662323,0.5255509447047007
363.731313,0.04288103134105968,0.525445252825044
363.771794,0.04283668414224443,0.5253276379093087
363.804269,0.042877192381307286,0.525724564575075
363.835527,0.04279354804088609,0.5257235707919232
363.872731,0.0426880605800048,0.5258515675322515
363.904898,0.04270486349345911,0.5256479998051535
363.9396,0.04278165233768193,0.5259131266408749
363.968838,0.04276711883988,0.5256551495803903
364.022471,0.04255762149882526,0.5255247229466296
364.049785,0.04281426360204366,0.5259881587714572
364.077547,0.04286149800316674,0.526186929178579
364.123598,0.043094036850803374,0.5262759826805595
364.147603,0.04310601690057048,0.526068668718982
364.173621,0.04306572531213552,0.5262432861418463
364.220329,0.04308619882350299,0.5260457811418827
364.249916,0.04294820092598193,0.5258290998503128
364.283518,0.0429519885404479,0.5260398966724864
364.31478,0.042945386249472695,0.526211719498896
364.351126,0.04279819853112598,0.5261759624382897
364.383013,0.04301095924182583,0.5262775148799748
364.422182,0.043195344954557166,0.5263036656474581
364.454678,0.04312498936045057,0.5263720927304881
364.481212,0.04307574044457595,0.5264199916886091
364.519878,0.04290073297971551,0.5263412973341106
364.547619,0.0430827333558385,0.5263932493070494
364.587281,0.043092095188314625,0.5262109977719994
364.618985,0.043142224309256114,0.5259191274546055
364.645117,0.04282340391992261,0.5257454311779863
364.679639,0.04286789622568201,0.5260170198631494
364.720455,0.04262816566888668,0.525778032144561
364.75717,0.04246035427912995,0.5256107407415491
364.789733,0.04250176136936194,0.525643894108455
364.822131,0.04237507986199669,0.5255527678356811
364.856297,0.042395132854782226,0.525732005462882
364.888098,0.04256484089060811,0.5259719306012849
364.921819,0.04268307548696728,0.5261928250041208
364.953639,0.04270137392833284,0.525886880035462
364.98795,0.04277920964209354,0.5260803428020908
365.026032,0.04276866783692122,0.5258081424940411
365.060996,0.042717580859815835,0.5257820753351994
365.088284,0.04236183467553956,0.5256545193659568
365.126168,0.04254153216513824,0.5259176903334372
365.157864,0.04259903471909942,0.5256583441651839
365.193617,0.042595594439606733,0.525641364311167
365.224198,0.04307176274020533,0.5258889731948493
365.256216,0.04320576112837932,0.5261123315522513
365.285599,0.04329956000010112,0.5262686824024329
365.331959,0.04319793989233133,0.5263476044589704
365.359733,0.04313007140636811,0.5264385411598382
365.394192,0.042970563358428665,0.5262233544012574
365.420635,0.04314373708809794,0.5263750622704096
365.451875,0.04326495869886643,0.5264812577788162
365.485775,0.043105433292709154,0.5260528413769492
365.516278,0.04330272469447618,0.5259217681310397
365.554291,0.04320015517839387,0.5261047644689952
365.586577,0.042855356813252136,0.5259947890334022
365.623592,0.04292557788545501,0.5261466701830312
365.652795,0.04293615241207906,0.5262621959053893
365.685175,0.04314298017373442,0.5262929423652483
365.714636,0.04308833401387464,0.5263645864329413
365.750699,0.042981796013214904,0.5259711714348367
365.784376,0.042966251480409605,0.5261636118325412
365.821102,0.042887065619707475,0.5258549509607726
365.855629,0.04290919382605578,0.5260579924498082
365.885532,0.043130742042894535,0.5262214361131049
365.917278,0.04307976732228672,0.5263145320564409
365.956356,0.042776475436509975,0.525986290679865
365.986901,0.04283178069781753,0.5261499302531729
366.021486,0.042877026677271175,0.526335842595678
366.053817,0.04284040088067284,0.5260229339503517
366.090144,0.04287652850873154,0.5261755805425137
366.123166,0.042948797856855556,0.5261536513615253
366.16346,0.04295567198153507,0.5263027739916266
366.193252,0.042960483868810725,0.5264071598326976
366.22197,0.042692977019076775,0.5260511301232447
366.25854,0.04294061112358934,0.5262258414021281
366.290671,0.04288443837134377,0.5258833482378527
366.32185,0.042631153161305536,0.52580394547777
366.357713,0.04301689612516248,0.5256429527314269
366.393167,0.04300334076934992,0.5259452849505578
366.423976,0.04299385202028112,0.5261569175039494
366.45791,0.04335390251346856,0.526285569572482
366.493669,0.04323596177029511,0.5263794526386494
366.524194,0.04315668672094276,0.5264608348856135
366.573911,0.04309902159709405,0.5265605032260054
366.601926,0.04305865601039995,0.5266302710642798
366.629041,0.04303257268901615,0.5266364077835548
366.669894,0.042989729683251814,0.5260329328056661
366.695672,0.042981058670536816,0.5261825797412337
366.728614,0.04297498896163632,0.526287332596131
366.761502,0.042974005754881604,0.5263963508558507
366.796098,0.042905025115872866,0.5260293481316729
366.834251,0.04292503106284719,0.5262157617307299
366.863662,0.04281454719982551,0.5260559468276913
366.895161,0.042858430932138404,0.5261986895566514
366.928532,0.042621539963406146,0.5259052009300124
366.964362,0.04272332586664485,0.526093167428276
366.997066,0.04268584148062238,0.5259815927891639
367.029374,0.042659602410406644,0.5259034905417854
367.070493,0.0427499695795452,0.5260919701565172
367.1012,0.04281322659794219,0.5262239058868294
367.134771,0.04275526740869492,0.5261447604536358
367.173373,0.04281693507834699,0.5262608590948125
367.202151,0.04279181675834554,0.5258985622981467
367.241999,0.042847952213944676,0.526081528761138
367.27316,0.04324505595062492,0.5261613434043573
367.307377,0.043004116116821985,0.5261580083609554
367.336763,0.043357727914256,0.5262506240297011
367.372268,0.04312667967621634,0.526055960216329
367.406886,0.04327966402193809,0.5261843044069845
367.439916,0.043239241626408034,0.5260403640027053
367.479965,0.043322996348721214,0.5262183051177506
367.507819,0.04321761092584103,0.5263480316209843
367.538822,0.04333998883990982,0.5263732691035305
367.575405,0.04307056913932142,0.5263063563503767
367.606522,0.04303764628978554,0.5263739762225311
367.639195,0.04321734065143653,0.526406915611326
367.686123,0.04334312670459222,0.5264299731834824
367.716346,0.0431164588294517,0.526181504623976
367.744955,0.04307303466235237,0.5263222712753421
367.775916,0.04293927546823269,0.5261707366441433
367.810843,0.042957711195339476,0.5263433975631318
367.841944,0.04315807132201672,0.526349783525668
367.87874,0.043030612128914354,0.5259608093997454
367.909377,0.0429413906937427,0.5256885275115997
367.945113,0.042950486967356066,0.5259771872966787
367.979201,0.04288856196460499,0.5257359336402526
368.013168,0.042798263511460634,0.5256956769437151
368.043626,0.04285029793975863,0.5259821918991595
368.077175,0.04273101533590435,0.5260683650941822
368.113113,0.04299938422041213,0.5261572607974033
368.144863,0.042875839090525635,0.5259906059537206
368.179851,0.04307192374897566,0.5262191478633594
368.213819,0.0429266167605201,0.5260339268998899
368.246666,0.04313630521764315,0.5261331540613987
368.281084,0.0432808854910629,0.5262453496047589
368.314839,0.04318813332548021,0.5263669627618901
368.348379,0.04312320680957232,0.526452091971882
368.387861,0.04307775824843681,0.5265116824188764
368.417678,0.04297765186136151,0.526110080225791
368.453989,0.04317534455153971,0.5262221884136079
368.489089,0.043042703389580446,0.5258714928213035
368.520692,0.04301814026496686,0.5260695717521799
368.551049,0.04336418758634045,0.5261529734980867
368.58692,0.043445919559024965,0.5262522137042148
368.622317,0.04330039158357803,0.5263360763702178
368.652814,0.043089787482475606,0.5261516290485232
368.686818,0.04305436471946911,0.5263013583725251
368.723148,0.04302030957632773,0.5264304339502146
368.753639,0.04300573018516559,0.5264965218037092
368.788959,0.0430829534493667,0.5262138193061755
368.823731,0.04304958089629286,0.5263448915528818
368.855602,0.04295466883090766,0.5259573850187952
368.892364,0.043155941666914444,0.5260795747446324
368.923602,0.04309740705910066,0.5262152290985102
368.957746,0.04302792653973815,0.5264768953771968
368.993514,0.0429792901761844,0.5266600617722774
369.029714,0.042977016605065255,0.5266572612791531
369.064957,0.04306769197780708,0.5261711085625977
369.094562,0.0428117080571172,0.5257213675332013
369.135284,0.04279141672743778,0.5255568598058185
369.163492,0.04268979848727976,0.5257706326288434
369.1929,0.04282962369336462,0.5257866280704455
369.233777,0.042760249959326216,0.5257670152386825
369.279716,0.042711688345499335,0.5257532862564485
369.314437,0.04275467014419958,0.5261179335334293
369.345399,0.04281978258267588,0.5262777715119594
369.375144,0.0429090757086166,0.5262251850401374
369.404476,0.0429278664777678,0.5263528475666551
369.43847,0.0428257766706746,0.5261275166921969
369.473635,0.04291823477448035,0.5259647425271282
369.508656,0.04282227771610723,0.5258916953583604
369.543952,0.042863842293535605,0.5260837135281198
369.58132,0.04289293749773547,0.5262181262469513
369.617943,0.04291330414067538,0.5263122151501334
369.645645,0.042659951209382034,0.5259846688454497
369.680103,0.042688448053150446,0.5257771123251918
369.718473,0.04266467360167141,0.5257961885294439
369.744233,0.042644784895140966,0.5257737075599814
369.784109,0.04274286290833486,0.526036813330546
369.806831,0.04281151751757058,0.5262209873699412
369.853487,0.04274757563627039,0.5260710667483295
369.880998,0.042655879896773816,0.5260948147017359
369.914108,0.04247975423865094,0.5258324885315715
369.942841,0.042624075859316206,0.5260422687493674
369.972326,0.0427191073742207,0.5262490712140042
370.007287,0.042991048647233576,0.5262837550812788
370.043525,0.04318723240225326,0.5263172427059888
370.07436,0.043283282951614925,0.5263764110673641
370.105984,0.043195246373883056,0.5264517141608817
370.153591,0.04317190036246162,0.5263469448943829
370.177569,0.043111843735459315,0.526438079464627
370.205879,0.04295780398879251,0.5262230312146096
370.24496,0.04315593463086745,0.5263082636120064
370.274999,0.04346064364247086,0.5263200577999652
370.316406,0.043357678450473086,0.5262547854417413
370.357959,0.04324188839706734,0.5263735678477779
370.400184,0.04336031012653379,0.5264066297489987
370.425762,0.04323447136127301,0.526504123913746
370.453189,0.043155643434627286,0.5265481047781811
370.490087,0.04327031253666917,0.5265828968154147
370.523398,0.043380207024255074,0.5265531600263444
370.553956,0.043154357588854504,0.5262341005129326
370.589799,0.042987563686169135,0.5260802459484235
370.624578,0.043182282828905044,0.5262013044194507
370.660264,0.04311584587249408,0.5263004398708829
370.69461,0.04307587229954476,0.5264411993280751
370.735771,0.04288891738775464,0.5263896702944231
370.757862,0.04280175554539923,0.5261891447954669
370.790715,0.04301344915181711,0.5262867425299987
370.825773,0.04300601514443974,0.5262406557889892
370.876988,0.042995724082843995,0.5263636770908513
370.905719,0.04298852033972698,0.5264497920021548
370.937031,0.04291518532526463,0.5260667569340858
370.97387,0.042860591931187894,0.525762690785638
371.008751,0.04276580988479718,0.5257628297589004
371.044392,0.04282431481161857,0.5259935076084977
371.07711,0.0428772387357096,0.5262193372381798
371.103837,0.042793580488967704,0.5260699116560965
371.135784,0.04273177647851453,0.5259294615548058
371.173951,0.04299991702023925,0.5260600283198399
371.205518,0.04287621205040462,0.5259225432194262
371.235017,0.042789618571520374,0.5258263036491366
371.265119,0.043040406485343345,0.5259878177858714
371.300475,0.04301979802147653,0.526186690488669
371.338535,0.043002106507294115,0.5262902101193357
371.373245,0.04308525490936728,0.5259141727507255
371.402853,0.04309986954156522,0.5258154017680982
371.441641,0.04322543588933125,0.5260608315535256
371.478525,0.04334879337111853,0.526187714343022
371.511025,0.04332793571404436,0.525842425707306
371.545011,0.04314951720333371,0.525605658926892
371.57185,0.043096175524069774,0.5259191792873834
371.603302,0.04310751397185696,0.5258189063437587
371.637061,0.043227480050337524,0.5260275756138031
371.678937,0.04323098109413042,0.5257641244304403
371.709443,0.04323343182478545,0.5255797086020864
371.736567,0.04323514733624397,0.5254506175222386
371.771795,0.043519449767851395,0.5257554504425994
371.81212,0.04355128832277506,0.5259382205412954
371.847971,0.04337741530767872,0.5261519724174657
371.877606,0.04331639588159577,0.5259481372268024
371.906601,0.04334211102324306,0.5262489469132539
371.941533,0.04311899109024113,0.5260906384286483
371.980994,0.04295956389940593,0.5259439702955921
372.013306,0.04284796486582129,0.5258413026024528
372.047323,0.042873681676388165,0.5260647285484015
372.077677,0.042891683443784974,0.5262211267105655
372.115246,0.04291242630291003,0.5263143154746633
372.144315,0.0431263718973161,0.5263294260637401
372.186364,0.042962583579559406,0.5261540191030012
372.220262,0.043129335715927176,0.5262978636879577
372.247689,0.043177616707672915,0.525955489730954
372.289471,0.043479178327851656,0.5261088609887001
372.326095,0.04337890164054753,0.5259875536099062
372.351512,0.04310103792645658,0.5260721182917049
372.3769,0.043062240030255786,0.5262457008427524
372.408958,0.04292308139515003,0.5260883661792973
372.449929,0.0429376704583412,0.5262570743640671
372.480268,0.04294788280257503,0.526375170093406
372.508481,0.042951765854063066,0.5264221458426516
372.546107,0.0431572243464308,0.5264406343454103
372.576223,0.04310157052423774,0.5265036620803462
372.615441,0.04342258876783007,0.526456836727803
372.644048,0.0432840600297416,0.5264793124867295
372.676575,0.043187089913079665,0.5264950455179781
372.710502,0.043054184026611514,0.5260984343951621
372.742906,0.04304650673763441,0.5260752230749502
372.774645,0.04308475988256475,0.5258944126870415
372.814854,0.04337933665517249,0.5261611645454493
372.840549,0.043257049140356926,0.5263080332203735
372.877459,0.043183425060824614,0.5264751427836041
372.910092,0.04313188820515199,0.5265921194778654
372.942717,0.042859868537424864,0.526052088300262
372.975733,0.04309289622478406,0.5261815940657375
373.009621,0.04345131171465818,0.5261365998509906
373.046964,0.0435029837181631,0.5261550108697381
373.079063,0.04327205080621682,0.5258244685405946
373.119592,0.04317868345661233,0.5260366547556836
373.149693,0.043113326311889175,0.526185185106246
373.179635,0.04323154868836007,0.5262839707475442
373.214963,0.04315868482001981,0.526238715541271
373.24593,0.04303104157751652,0.5258830618106676
373.281809,0.04294495019171731,0.5256700458000447
373.321884,0.0429529786159383,0.5259642500985903
373.347593,0.04295859851289299,0.5261701931075721
373.386574,0.04312654616926069,0.5263091854911573
373.419725,0.04297644406801232,0.526013482894805
373.4519,0.04333835748008924,0.5261494562033959
373.48629,0.04311636361003345,0.5260209949317478
373.519295,0.043116682427766895,0.5260454414339892
373.552624,0.043069925591697374,0.5261913357810599
373.586505,0.04303719580644871,0.5262934618240094
373.622924,0.043217025313100746,0.5263505555323608
373.653613,0.0430314310931415,0.5261617644620232
373.686932,0.04301351524693523,0.5263084531619752
373.720819,0.042932681760310405,0.5259678197459601
373.755832,0.043143865480803935,0.5261226060777262
373.790749,0.04345555246904337,0.5262258424314408
373.826726,0.04315469350640367,0.526238920466779
373.859078,0.04329595893976165,0.5262766495582211
373.89276,0.04312713346133581,0.5259096156225327
373.939719,0.04316403536374336,0.525717511918744
373.967939,0.043302498239899435,0.5259116635745966
373.991987,0.04320326224966578,0.5261333825407766
374.027194,0.04313379705650223,0.5262885858171026
374.053299,0.04328133142483064,0.5263114153034476
374.095594,0.043221585289083715,0.5264110272209734
374.129823,0.04331112418056523,0.5265281233744445
374.158629,0.0430185394678185,0.5265458785980578
374.193818,0.043001225519733496,0.5265416417959079
374.232741,0.04304104896882157,0.5262546300997258
374.267095,0.04321640776345418,0.5262876463012839
374.296514,0.043027755570655066,0.5260818758064371
374.330158,0.043210417148045195,0.5262024453200601
374.364182,0.04306725420713429,0.52585767265582
374.395284,0.04296704014849666,0.5256163317908519
374.428584,0.04296517599620821,0.5258909590308638
374.464477,0.043166611445932396,0.5260688035771588
374.501391,0.043307616260739326,0.5261932947595653
374.531367,0.04293596969342679,0.5259014245720521
374.562772,0.04298712656803444,0.5259259436325501
374.607189,0.04317866208290319,0.5260575657742609
374.633203,0.04300133359426937,0.5259208194375209
374.666478,0.0428772036522257,0.5258250970018029
374.699111,0.04283400476006064,0.52559352883304
374.733239,0.042872051224302994,0.5258749969603954
374.765814,0.04279644464714748,0.525900524205132
374.803476,0.042845759145263784,0.5260898937208598
374.836556,0.0430830196502713,0.526208057860156
374.869563,0.042937627129160896,0.5260620160914798
374.903983,0.04294785247214881,0.5262386293025948
374.93659,0.043006973541555533,0.5260783914296325
374.972685,0.04289274322861871,0.5258519270517377
375.008645,0.04264876716347643,0.5256983908959789
375.037464,0.04290635728447115,0.5259432148003572
375.073356,0.04281070011879934,0.5258606936280723
375.105091,0.04274914475399408,0.5257759815475699
375.139233,0.0431758907286595,0.5259474603548596
375.177336,0.043002636884032636,0.5258795978377724
375.20623,0.04318951930410193,0.5260251237179164
375.240127,0.04312417699460753,0.5262128046411004
375.274739,0.043274597381504354,0.5262583684802461
375.308569,0.04306848830329019,0.5260613813317105
375.3406,0.04297116289975888,0.5257948694647749
375.376915,0.04302000513483934,0.5257318894679328
375.411105,0.04310108530091143,0.5255593077769365
375.443083,0.04291461535093017,0.5257561277847826
375.476162,0.043295077378131736,0.5259693076263803
375.511223,0.043194802056952766,0.5261380421157337
375.542318,0.043124609332127486,0.526256156258281
375.584476,0.043278214781075894,0.526324441636351
375.61446,0.04318626382848931,0.5264223271840046
375.645964,0.0431218981616787,0.5264908470673622
375.677091,0.04296159884941223,0.5262241163426918
375.711429,0.04289634028204431,0.5259087839724618
375.744848,0.0429189516791672,0.5261313668192822
375.780404,0.04293477965715322,0.5262871748120564
375.813308,0.04283385913397823,0.5261173979578102
375.851145,0.04276321476775574,0.5259985541598379
375.879941,0.042822498229689566,0.526158514689154
375.919933,0.042752018897019836,0.5259914836779461
375.953334,0.04281466112017444,0.5261535653518298
375.986484,0.04274653292035925,0.5259880191418191
376.019389,0.04301356129283813,0.5261367456548276
376.054308,0.04284853062733585,0.5262122797472282
376.086026,0.04292919933987858,0.5261793408048254
376.119666,0.04314142778650166,0.526270670818932
376.152768,0.0428228463539945,0.5259915115330149
376.186404,0.04275550582176713,0.5259104336624811
376.220737,0.04287233088628836,0.5258486544815529
376.256844,0.04294257940303754,0.5258890045692006
376.289806,0.04279561236019959,0.526003133963211
376.321961,0.04284517654440026,0.5261617205515151
376.429474,0.042891496614246113,0.5261889031909159
376.471171,0.042806807594438376,0.5260844421354508
376.502537,0.04306058154092032,0.5260489776111943
376.53371,0.04322615448047776,0.5260578767522287
376.563972,0.043349296384921084,0.5261856459821143
376.612329,0.04343549571803141,0.5262750844430342
376.641772,0.04322480920612464,0.5259085200419018
376.67016,0.043145614336547795,0.5260954908065987
376.706848,0.0429782001718206,0.5259473669601573
376.744942,0.043016687902910106,0.5259581033042238
376.779882,0.04319935501731616,0.5260800775444324
376.805155,0.043019061886092294,0.5259724298704734
376.841894,0.043004856802000786,0.5261759189478903
376.875738,0.0429916476536611,0.5262826700407907
376.908232,0.04318514160614942,0.5263430012841076
376.952974,0.043009112498275576,0.526156476488246
376.978522,0.04283895570017745,0.5261546015196774
377.012477,0.04281049007757996,0.5258601235963516
377.042649,0.042746856428276955,0.5258184621068168
377.075316,0.042811047392054415,0.5260324502520393
377.110153,0.04321922257530174,0.5261269884479881
377.143616,0.0433411292879903,0.5261982971450675
377.176428,0.04342646398687229,0.5262482132330231
377.212588,0.04348619827608968,0.526283154494592
377.24515,0.043691828194126425,0.526302481417775
377.279175,0.04371899134417917,0.5261923604284167
377.313374,0.04333910071899873,0.5262154830646621
377.347816,0.043321150857560504,0.525861863812454
377.381397,0.043576295001156,0.5260075779402785
377.419009,0.04328291987478018,0.5259216801475657
377.456036,0.04338903216093278,0.5260903083588502
377.480787,0.0434633107612396,0.5262083481067493
377.524859,0.04351530578145437,0.5262909759302787
377.555912,0.04339594194776154,0.5262344281329608
377.588597,0.04346814761201973,0.5263092319486268
377.625613,0.043203973464650956,0.5260969857595771
377.656289,0.04333859765006913,0.5260577581480828
377.688436,0.0430728251331217,0.5261212614684284
377.72495,0.04323865107846427,0.5261942882593756
377.765396,0.04315530364718554,0.5262955285588304
377.8291,0.042829350863939145,0.5259729882315377
377.886788,0.043074851969412895,0.5261619331603155
377.914149,0.043043909860325205,0.5263085712507798
377.944015,0.043221725150814294,0.5263611321311
377.974229,0.0432389879598314,0.5259638181589605
378.005877,0.04335496505716106,0.5260840779427481
378.041959,0.04312474567624989,0.525939377955462
378.073403,0.042963592109612064,0.5258380879643617
378.097015,0.042850784612965584,0.5257671849705915
378.130893,0.042818770316531654,0.5255889320119915
378.159742,0.04306081270685124,0.5258216576398699
378.191961,0.04303081678705642,0.5260346871251763
378.223009,0.042901085124910476,0.5259406565769941
378.257229,0.04276656636551064,0.5260392903686664
378.293712,0.0427598175433132,0.525779405790644
378.323088,0.042708142416556384,0.5257261074489891
378.362948,0.04278394758385002,0.5259678019915598
378.397467,0.042725033444932156,0.5258579847896302
378.429588,0.04264010036283705,0.5259456573306464
378.467564,0.04286870416011196,0.5262472109859446
378.507203,0.04278436304831551,0.5260535710856995
378.541777,0.04283730202608141,0.5261970265372571
378.571959,0.042874359310517536,0.5262974453533474
378.601176,0.042900299409622825,0.5263677385246106
378.629977,0.04276278653812052,0.5263024849451327
378.661468,0.04302162406196344,0.5263211446930687
378.69688,0.04285094362144772,0.5263056320499185
378.729841,0.04288390842727395,0.5263734692122104
378.766634,0.04310972414767842,0.5264065607041014
378.879418,0.04280065380681823,0.5260866344526336
378.935249,0.04304813115005184,0.5261700493483193
378.973316,0.04290996194127343,0.5259995579393618
379.007693,0.04292522125115195,0.5261592173348207
379.037498,0.04293916835754255,0.5263066701729334
379.061361,0.042793224628353096,0.5262954998858238
379.087035,0.04289048514059065,0.5262375949018424
379.112526,0.04307886680864905,0.5263563667471466
379.141982,0.04304672024779052,0.5264446747615615
379.170039,0.042908974309690505,0.5261917957286314
379.199542,0.0429245299090439,0.5262937837873094
379.230484,0.04286713313983338,0.5259216095828945
379.258658,0.042895241090143914,0.5261046534852936
379.284261,0.04284663096660339,0.5257892183714834
379.307209,0.042728448454695686,0.5259332836248088
379.336551,0.042801427400023156,0.5261485165759251
379.362547,0.043048672665295294,0.5262133668346234
379.39602,0.04286664781709125,0.5261944247621416
379.426933,0.04278292360820102,0.5260166207290374
379.455234,0.04272755989971169,0.5259280100996969
379.506488,0.043000280178384837,0.526094739325342
379.535794,0.04319118437345604,0.5262114497832936
379.562215,0.04332481731000588,0.5262931471038597
379.595256,0.04310364225324126,0.52608572636824
379.637748,0.04326022306254796,0.5261694136892439
379.670351,0.04317366962551975,0.5263138076210296
379.698309,0.04304153094136648,0.5259356262664987
379.749435,0.04290858503292752,0.5258713139759198
379.775309,0.04276858647443381,0.5259549877610491
379.805713,0.04299353774233926,0.5261585417485912
379.837656,0.04318646466822413,0.5262561114795681
379.870881,0.04332151351634354,0.5263244102912519
379.90606,0.04306086623951379,0.5263079179686467
379.937513,0.04307455415029533,0.5262104890101663
379.975265,0.04340367730607038,0.5262516155786771
380.007719,0.04331452189688495,0.5261710773371876
380.038035,0.04320841322008001,0.5262792809132988
380.075471,0.04306585145755866,0.525911457571087
380.106758,0.04307804380292675,0.5259329667318745
380.138926,0.04308985856279221,0.5259838216940779
380.177697,0.04305441447569073,0.5261838932244134
380.208676,0.04292243483594257,0.5259929944659975
380.240906,0.042825217759130785,0.525911471715569
380.278382,0.042800873518847295,0.5256899327334758
380.308734,0.042783832550648854,0.5255348554460105
380.3491,0.04303967103404085,0.5258195310677616
380.376678,0.04321875797241525,0.5260188040029873
380.410329,0.04350797721317129,0.5261531809791236
380.443181,0.043710430681700524,0.5262472448624189
380.475648,0.04364952174722801,0.5263274125768652
380.508362,0.04333417859703059,0.5261455643931764
380.543442,0.043429741242734875,0.5260917631916022
380.58053,0.04329233235165059,0.5262594522726805
380.610666,0.04319288053841596,0.5263411433681437
380.644178,0.043326004625477824,0.5263839326132548
380.6795,0.04306401001590779,0.5263495835940488
380.709721,0.043033054903396,0.5264042352931017
380.744839,0.042943100635879854,0.525998925636949
380.782239,0.04311239071515355,0.5261535891190363
380.821929,0.04295818687457847,0.5260238879726961
380.846625,0.043054511166466324,0.5257277472480777
380.900553,0.04302967129826261,0.5260046411122133
380.924925,0.042856576686857134,0.5260840795433198
380.954746,0.04277911705477098,0.5259752312696946
380.980731,0.04283689542007586,0.5261778799273451
381.018897,0.04280904788150885,0.5258764184817191
381.050599,0.042848587789755546,0.5261329760266503
381.12388,0.042905863902007575,0.5261351650038573
381.156268,0.04285732581886105,0.5258465180352776
381.184501,0.042888375965463285,0.5260520894019618
381.21867,0.04291011106808485,0.5261959893586406
381.256862,0.04286029883511514,0.5258890950836259
381.281962,0.04282543027203634,0.5256742690911156
381.318523,0.042869314672161624,0.5259672064023398
381.352526,0.043099508519099786,0.5261221767371921
381.389308,0.043173985391446595,0.5266013730202337
381.423469,0.043113303255748796,0.5266161791527225
381.455691,0.0429555824152613,0.5263118488024441
381.488959,0.04296042117241909,0.5264135122002698
381.523845,0.042895515908149114,0.5260413610727663
381.55414,0.04291837461744056,0.5262241707894953
381.587055,0.043133850480795044,0.5263020518082009
381.624196,0.04301970592138776,0.5259366955221034
381.656849,0.042740566891415185,0.5257311213118072
381.691127,0.04285362472473411,0.5258425299000308
381.73208,0.04288905078905006,0.5260849889685805
381.760661,0.04275814233040835,0.5261403230427768
381.794201,0.042710213005256834,0.5260146017193145
381.826792,0.042785396995940334,0.5261697479807875
381.860513,0.04276974010066088,0.5258347845183292
381.894871,0.04299103834050027,0.5260386903360025
381.927996,0.04298197473061074,0.5261866100124691
381.961878,0.042711229214870854,0.5259326689684909
381.997125,0.04298884869899625,0.5260980005334978
382.02965,0.043499403604868966,0.5262873324443712
382.064127,0.043701071924271924,0.5263054059826205
382.093751,0.043482263828726525,0.5264090022263933
382.129044,0.04325754688361122,0.5260022624902532
382.162683,0.043168530710788404,0.5261611105204447
382.196567,0.04299748487152287,0.5260291529536819
382.238069,0.043153766620301605,0.5262104573834342
382.269388,0.04298390677044826,0.5260278435639423
382.299278,0.043176408224592865,0.5261288957262353
382.336684,0.043166962568266375,0.5260015779261809
382.368113,0.04310838727952264,0.5261963225868855
382.40176,0.043107818878301535,0.5261323722429335
382.433857,0.04295498658878206,0.5260090361594242
382.471395,0.04315616409742652,0.5261157305430727
382.501988,0.04310082834993474,0.5262762294187098
382.536344,0.043226107055189915,0.5263834109089537
382.569319,0.043193502839376424,0.5262991326180333
382.602517,0.04312696546929968,0.5264046108711823
382.637073,0.043071130101209124,0.5265027106992746
382.671686,0.042969753274349036,0.5260678584212701
382.707778,0.042699465602953596,0.5258136191352455
382.737978,0.04271284700952326,0.5256214359272493
382.773489,0.04278724079892683,0.525894531926342
382.805974,0.04277428964670453,0.5256780748810168
382.844488,0.04276196495619582,0.5254906133484897
382.884755,0.04271288884330806,0.5255598049333134
382.912136,0.0429981610015463,0.5257175301193502
382.960052,0.043154239911318004,0.525992321399402
382.986986,0.04309948141965878,0.5261898430181403
383.014535,0.04290221394514569,0.5261779580906034
383.046154,0.04276412671298653,0.5261696386413277
383.076159,0.04282313659135112,0.5262782738261969
383.10723,0.04279615781744844,0.5259107526101157
383.153751,0.04304829872080056,0.5260826590826352
383.191514,0.04295377130806304,0.5257738222896225
383.21971,0.04284391005188127,0.5257221989982741
383.245525,0.04281395812377264,0.5255574418313693
383.281002,0.04286128416837703,0.5258854273205175
383.314036,0.0429348467004996,0.5259147455564759
383.35749,0.0429459061720859,0.526135539928092
383.383984,0.04299408210309581,0.5260898243817781
383.418121,0.04318353095744615,0.5261722822987205
383.456667,0.043168662775220426,0.5259960784516946
383.485848,0.043114664680822055,0.5260371909341763
383.51676,0.04306851316883599,0.5261855604311909
383.561545,0.04303620711044574,0.5262894190791011
383.587548,0.04290485835128301,0.5261189689447414
383.629991,0.04312438909448476,0.5262284105168732
383.667876,0.042966585740110315,0.5260762629511819
383.695622,0.04301680112308534,0.5259288649084176
383.729459,0.04289127416013072,0.5258665810252631
383.765006,0.04312303072332216,0.5259322733837151
383.792819,0.04307436939858606,0.526112118145868
383.821466,0.04323973206428933,0.5261878879335834
383.866619,0.043156060337263075,0.5262910483307758
383.897372,0.04329691572136323,0.5263131390630188
383.928309,0.04308735437892525,0.5261355729334839
383.966166,0.04304939595750822,0.5262544278307062
383.993675,0.042954539373758406,0.5258940604132722
384.031098,0.04295969104336707,0.5261210603278496
384.05727,0.04285129710432793,0.5260011178188654
384.095019,0.04325075460551017,0.5261408006502382
384.129645,0.04353037485633774,0.5262385786321991
384.173726,0.0435589358847155,0.5262764102740152
384.201622,0.043311217322803505,0.5259094481235885
384.232723,0.04324163258214779,0.5259478858308295
384.266587,0.04316065628923964,0.5261587381201396
384.301322,0.04326467967250539,0.5262654578572696
384.3409,0.04317678925248995,0.5263810385386477
384.366522,0.04295632942812751,0.5263117949549586
384.405748,0.043121650869726906,0.526372597641643
384.444786,0.043076669090545014,0.526456036387709
384.476063,0.043041916255642056,0.5264787522486637
384.537134,0.042905611515186584,0.5262156499696029
384.569842,0.043086148330668254,0.526305296151894
384.607677,0.043212524101505424,0.5263680484794978
384.643754,0.043180714653689486,0.5262525803677621
384.67455,0.04331417374286172,0.5262862114889093
384.707787,0.04340759510528228,0.5263097532737123
384.735815,0.043328793384748966,0.5261281782094147
384.772606,0.043218403261584826,0.5262492515238577
384.807998,0.04318483006574506,0.526169422498814
384.847751,0.04312089452775772,0.5263138137877288
384.877385,0.04311657395206609,0.5262146160835238
384.910694,0.04304134336481395,0.5264764662667064
384.943046,0.043224756580183224,0.5263233945030732
384.980405,0.04314340602667383,0.5264286036969358
385.016306,0.04297989759264267,0.5262163981772258
385.055696,0.04317691656343652,0.5262966109796122
385.083245,0.04304380379790822,0.5259235886175064
385.109221,0.043221650907122405,0.5260916442878086
385.141,0.0430750999570949,0.5258000854497082
385.170454,0.04304079998083355,0.5260396137527077
385.208806,0.04311234034084488,0.525738755294086
385.242442,0.043230858508629066,0.5259714698790322
385.287475,0.04351309035690399,0.5260843021868832
385.319162,0.04354683673511187,0.526168416762294
385.3657,0.04357045919985739,0.5262272969650815
385.390692,0.04311995975080944,0.5259252261159135
385.424116,0.043271645310845694,0.5260570635126153
385.456624,0.04301734860472749,0.526240383864272
385.490914,0.04277120274318267,0.5259251601463355
385.526002,0.042992062190265516,0.5261019532756068
385.55605,0.04318543178177251,0.5262164995484789
385.590165,0.043112056519940115,0.5263710327733823
385.626316,0.0430677804563922,0.5264976417474436
385.658299,0.04323511980475362,0.5264577544546863
385.692903,0.043251665569851425,0.5260674132676639
385.72391,0.04332838616893365,0.5262015304605367
385.755591,0.04315635252483657,0.5259289154557527
385.796109,0.043149637872393724,0.5258257216616172
385.832624,0.04345623591153925,0.5259822784346927
385.86358,0.04367085453894112,0.5260918681758455
385.891978,0.04365727166253787,0.5261737129545676
385.92983,0.04344833805603706,0.5262811258454647
385.962646,0.043501510124505025,0.5263061933233011
385.992422,0.043339304979414066,0.5263738621035782
386.039372,0.04322576137785039,0.5264212302497722
386.071618,0.04308125405195102,0.526046763707418
386.097658,0.04293314797260286,0.5259132579907309
386.12993,0.04294471706255818,0.5261344986320705
386.20371,0.04300477875484209,0.5260054999602655
386.228864,0.04299485861012564,0.5261990680107448
386.259243,0.0429163632305906,0.5258553085392993
386.289533,0.04292970215367397,0.526058242754777
386.343688,0.042939039399832325,0.5262002967056113
386.375071,0.04294557547214318,0.5262997344711954
386.404812,0.04314957631577931,0.5263192193613125
386.433774,0.04302466562454817,0.5259394144846967
386.469135,0.043008779418919896,0.5261528081778466
386.507412,0.042994393485504476,0.52626649250176
386.535074,0.043183748925132215,0.5262959499827078
386.561214,0.04312013772932873,0.5264023830264544
386.605262,0.042960366546767256,0.5261621915140563
386.641946,0.042895477670192826,0.5258654365924169
386.675374,0.042762641147208284,0.5259866363794623
386.701785,0.042822096695306344,0.5261501722428911
386.738368,0.04279542989021709,0.5258210815018016
386.772461,0.04294058127741336,0.5255857827184517
386.80269,0.04294992037592553,0.5259052659414751
386.842307,0.04299321183149771,0.5259363215903222
386.870152,0.042983496174308945,0.526114951890493
386.895421,0.04317612080729534,0.5261898715548209
386.925473,0.043114798046842914,0.5263281281269335
386.963181,0.04291078087626595,0.5264658024741928
386.99594,0.042813816749623305,0.5262065851274733
387.038929,0.04322116112559996,0.526248882860792
387.062636,0.04314306068018052,0.5263337447798219
387.100716,0.043088390368386915,0.5263931481231428
387.130164,0.04305012115013139,0.5264347304634673
387.167249,0.04302333269735252,0.5264638381016946
387.199634,0.043168553158184415,0.5264790278443582
387.239011,0.04327020748076674,0.5264896606642228
387.268827,0.043177393128797266,0.5265022892422234
387.297703,0.043311848675437165,0.5264610077010322
387.335497,0.04305087102419056,0.5263677733686278
387.368538,0.042955571920436045,0.5259734022898175
387.438933,0.04332374697678585,0.5261213997799047
387.473663,0.04321813636548627,0.5262801978844922
387.5031,0.04319288656084851,0.5260716193617349
387.541527,0.0430112907288311,0.5259306569487527
387.570223,0.04316343072041736,0.5261415101799838
387.603164,0.0429906716405293,0.5259795805215269
387.636094,0.043145690418408156,0.5261400475382408
387.676852,0.04325420356292336,0.5262523744499406
387.70615,0.043166190386306896,0.5263361888922258
387.740105,0.04327186048065042,0.5264253825404149
387.773415,0.04318181581819147,0.5264929858168493
387.804984,0.043282798282969624,0.5265351403876515
387.845498,0.043233186698822215,0.5264053432531217
387.872896,0.0431514785814361,0.5264432670544527
387.907074,0.04302925609446102,0.5260621894706943
387.939837,0.04321146751470936,0.5261886648850401
387.974297,0.0430712483477523,0.5258839679521056
388.008193,0.04324086209201326,0.5260639098220281
388.039218,0.04335627694968837,0.5261541421068955
388.076974,0.04324090734651804,0.5263031175133858
388.113241,0.04304814851653361,0.5261285578487407
388.142275,0.042956925049029274,0.5258418930266959
388.176834,0.04312206780435814,0.5260436662918592
388.21584,0.043076960944786885,0.5262257844428604
388.2456,0.04304755314445362,0.5263105842624376
388.276377,0.04290955733735467,0.5260979323792446
388.313471,0.043023771842672164,0.5258155378148548
388.346639,0.04300271671041609,0.5260731040151829
388.379809,0.042878171833528406,0.5259316962061663
388.414194,0.04290296817573043,0.5261117141215839
388.456571,0.04280834785924844,0.525958723280647
388.486206,0.04285735698321009,0.5261663243350118
388.51254,0.04289166336998324,0.5263116450730672
388.590032,0.04291567784072445,0.526413369589706
388.620087,0.04282048786247809,0.5262057343021649
388.652447,0.04306201498901375,0.5262534192429912
388.683146,0.043031658384570175,0.5263369202473612
388.717796,0.043201570915538154,0.5263616645237998
388.753252,0.043216141581685005,0.5260339461496311
388.790182,0.04330351937721715,0.5261781034779137
388.820547,0.04313568465150775,0.525876574967117
388.854895,0.04297449263002641,0.5258299780663526
388.901807,0.04281472179240303,0.5259260526243521
388.928728,0.04275260700844151,0.5258380227943829
388.963477,0.04281499009672498,0.5261152722003459
389.005666,0.042750006441678465,0.5259970661296128
389.030661,0.04301599275776158,0.5261430785462832
389.060876,0.042847001708506416,0.5261809857471687
389.092155,0.04276917133219163,0.5260072134185564
389.125331,0.04288189674358551,0.5259164003108056
389.160601,0.0428405488079656,0.5256933827501413
389.194409,0.04287663205783647,0.5259448947023664
389.235049,0.04310131592576461,0.5260708315231323
389.265127,0.04294719128427237,0.5259301054617309
389.293436,0.0428393040352278,0.52583159721875
389.327922,0.042879026306395646,0.526077336091684
389.360718,0.0429035663067375,0.5262136620414462
389.393223,0.0429207443069768,0.5263090902062797
389.42596,0.042820791151120904,0.526096886539934
389.457775,0.04275082394202177,0.5259483439734921
389.495487,0.04281709024115142,0.5261590588200034
389.526157,0.042707769946879304,0.5261921719387728
389.563121,0.04298642721140217,0.5262796526126952
389.608606,0.04291046125148417,0.5259117177606645
389.633974,0.0428168362500099,0.5258545780218358
389.663403,0.0429386890466292,0.5257982008482714
389.710976,0.04286833517995432,0.525644349552988
389.736362,0.04278734799993901,0.5256674202764623
389.769675,0.04284265708169349,0.5259624122320825
389.793404,0.04297364031144684,0.5256847142296484
389.829614,0.043137075428248385,0.5259693502766107
389.862286,0.042975466173744856,0.5258949207829982
389.905922,0.04281540327300594,0.5259715125260039
389.936591,0.042859030183364705,0.5261395855454702
389.967075,0.04280837073062542,0.5258622366781701
390.00648,0.042729255044403454,0.525832511883673
390.036463,0.0428457064318259,0.5259135033003368
390.070397,0.04304752171251372,0.5261295026260927
390.104524,0.0431203469052835,0.5258376369876484
390.140378,0.043072490725959,0.5260458726686214
390.1705,0.043050961875747897,0.5262559927802664
390.204389,0.04296756352353283,0.5259599580477642
390.242519,0.04290051555392873,0.5257238731660124
390.275785,0.042850323091252765,0.5255226721479866
390.322266,0.042838160370005055,0.5253208737651568
390.346747,0.04287822574073972,0.5257198296741686
390.376206,0.04290627150025399,0.525999098810477
390.420055,0.04281390342414877,0.5259157447567046
390.452753,0.04306072064549079,0.5260861535852474
390.476062,0.043034017933579735,0.5262555255482321
390.521045,0.043015326035241996,0.5263740859223214
390.552275,0.042877365877781806,0.5262266227856243
390.582622,0.04295434721945539,0.5260341167925273
390.623303,0.04312026332365642,0.5261782229279411
390.654411,0.04316796468082089,0.5258357817167494
390.686984,0.0433052487618537,0.5259944524332003
390.716967,0.04308994426953473,0.5258766400987785
390.756546,0.04305774117747321,0.526144539487602
390.788189,0.0430286667164918,0.5262607044185889
390.830151,0.04301158018328044,0.5263777111315712
390.855959,0.0430951878348202,0.5260113829414833
390.891352,0.04305814496611032,0.5262031860975972
390.928409,0.043028949368537774,0.5263017570455855
390.962174,0.04294348564543219,0.5259631324644873
390.993593,0.04284534233071927,0.5258835230454995
391.033091,0.0427275464095768,0.5259992968966201
391.0569,0.0426855526229409,0.5258800312231723
391.095013,0.04276813472831918,0.526075548633488
391.139953,0.04282594220208397,0.526212410820709
391.164307,0.04286967302319496,0.5263439056130552
391.190477,0.04295553586850526,0.5261879191593938
391.230531,0.04305925928432716,0.5259144701617587
391.27256,0.04320031788463673,0.5261658528089861
391.302462,0.04301649265548285,0.5259966203618286
391.343944,0.042934765946293744,0.5257495367858576
391.370352,0.042830606298642764,0.5257051991456386
391.400524,0.04286967230131048,0.5259531661792145
391.436265,0.04289701850317788,0.5261267431027176
391.46982,0.04291616084448507,0.5262482469491697
391.504657,0.042929560483400096,0.5263332996416863
391.531802,0.04293894023064061,0.5263928365264479
391.567879,0.042877220364951084,0.5259909465002914
391.609026,0.04290230214772631,0.5261531893274715
391.639913,0.04291985939566896,0.5262667593064975
391.675452,0.04293541505870445,0.5263819495531071
391.706639,0.04282623158351636,0.5261999944631759
391.739437,0.042801583195917196,0.5258918986568006
391.769932,0.04273737837337918,0.5258048524552987
391.803686,0.04300383834664451,0.5259728019501849
391.833565,0.0429909347349117,0.5261404881423969
391.870777,0.04308073602096208,0.5258453268490613
391.903575,0.04293602858864444,0.5258081043837136
391.942474,0.04314289349733019,0.5259750783000753
391.972559,0.04312221669547515,0.5260616331982668
392.000003,0.04296182182306975,0.5259236666343251
392.031121,0.04296152316840937,0.526106093421295
392.062228,0.042852579591857544,0.5259906409842772
392.096615,0.04304902598433793,0.526147789862166
392.126985,0.0430225660812971,0.5262629796807836
392.161683,0.043004044149168516,0.526343612553816
392.200931,0.04292279310792061,0.5259564897194491
392.230629,0.04283196396567981,0.5259575691364695
392.264846,0.042724646795362156,0.5261225832084558
392.29502,0.04280495320061738,0.5262042972252586
392.33922,0.04273973737666931,0.5260235314532193
392.374979,0.042694086299905655,0.5258969954127918
392.407778,0.04297353389521304,0.5260373020204301
392.441472,0.043028238478917916,0.5259732966445562
392.47915,0.043207440420521624,0.5260907128826651
392.507397,0.04302147843060228,0.5259440224134039
392.553284,0.042934997104924245,0.5256767766211606
392.580358,0.0426783448768903,0.5255757855945751
392.624998,0.042654354787794196,0.5256194255055733
392.657461,0.04294572183673502,0.5258430030853771
392.689461,0.042844765250180605,0.5258423120615736
392.724755,0.04276760581136357,0.5257701418386398
392.754321,0.042713594204191636,0.5257196226825861
392.786662,0.04284299275398551,0.5257150867956264
392.852904,0.04288160840952604,0.5259957787954974
392.884346,0.04290537377892878,0.5261565719341156
392.919195,0.04285698273270589,0.5258615028864584
392.968001,0.0428914013946303,0.5260982700590798
392.994221,0.0428034943502122,0.5259851646307265
393.023585,0.04278566713260428,0.5257415177740861
393.058713,0.042729480366793984,0.5257354380312309
393.09259,0.042802149738491974,0.5260100246604206
393.126904,0.04258214312785365,0.5257731355026508
393.168371,0.04262746239300021,0.5255571557836335
393.201939,0.04277941478010827,0.5255654898911337
393.234214,0.04272510372004677,0.5256122185131643
393.262779,0.04264337938210605,0.5258093837239854
393.291446,0.04294135381606089,0.526011700862344
393.329926,0.042838461045213605,0.5259245661930114
393.360504,0.04293039954270089,0.5258585472529241
393.396851,0.043138953165169705,0.5260103883085226
393.434336,0.04301722941912144,0.5257232327477438
393.479771,0.04319973407866409,0.5259156681548964
393.525007,0.04297562063313817,0.526021798473198
393.570262,0.04317392269178337,0.5261603911867928
393.611903,0.04330941936952744,0.5262216790622307
393.642746,0.04320810704040538,0.5263503933821204
393.671295,0.04296964869425304,0.5264100413930275
393.697247,0.04285826745994811,0.5262034045644899
393.726051,0.04289230070369986,0.5263376012337019
393.757466,0.04275718744397444,0.5262813888414966
393.785839,0.04283024957835871,0.5264208541012789
393.812695,0.042911619332851356,0.52625433583934
393.844295,0.04293835190057255,0.5264019169997693
393.874495,0.04294509422266133,0.5264408686771059
393.909406,0.043117093166098526,0.526498658389831
393.938323,0.043041706814636656,0.5266752958811214
393.97137,0.0427935184428979,0.526074298656168
393.997928,0.04273173304626567,0.5259325324548558
394.03074,0.04299988661766505,0.5260621779498749
394.064445,0.04315544784260113,0.5262335748807693
394.096184,0.04292855495348198,0.5262568859194987
394.134358,0.04281338400040304,0.526108766352603
394.163088,0.042860882282018314,0.526271354485381
394.194643,0.04289086548967337,0.5263494749170341
394.239211,0.042635652144136255,0.526130234153197
394.277543,0.04293594474948203,0.5262362961627921
394.307563,0.04294340921689797,0.5263249340912219
394.337568,0.04331187585269222,0.526331727135416
394.372947,0.0430508900482691,0.5262772769726964
394.445553,0.042911893170025514,0.5260746172764258
394.485103,0.043293171851498474,0.5261922502705305
394.512695,0.043360747506284526,0.5263246255052283
394.547307,0.04329271435940729,0.5261027186962501
394.577299,0.043193147943845656,0.5262314298646426
394.603686,0.04305516576419461,0.5258779618370277
394.62985,0.04291812940890721,0.5258309488752901
394.660826,0.04313356595852566,0.525923745997905
394.687062,0.04301345837447061,0.5256625831303114
394.71666,0.04299766875438998,0.5259233349684854
394.747514,0.04291833033157564,0.5256622954097177
394.777603,0.04281910136834009,0.5256441301823407
394.804298,0.04279659204529381,0.5255027936602159
394.833626,0.04273712780567665,0.5255683311515218
394.865995,0.042651796242046965,0.5257786625708357
394.937432,0.04259206414750619,0.5259258945643555
394.969465,0.042637665990710075,0.5257000287276263
395.002037,0.042625879567468036,0.5257063956987091
395.036516,0.04261762907119861,0.5257108525784671
395.071549,0.042652302553341674,0.5255135577367049
395.107701,0.04294760003592583,0.5258046226712476
395.139101,0.04283959016138522,0.5257437592654116
395.171757,0.042917487188716186,0.5258583859737794
395.197468,0.04313322928068798,0.5260460024371998
395.237579,0.043084773978217764,0.5262274197445987
395.273335,0.043050855266488615,0.526354411859778
395.306112,0.04302711216827821,0.5264433063404036
395.344511,0.04301049199953093,0.5265055324768414
395.379486,0.0429273066031743,0.5260698336655669
395.410708,0.0431046418324576,0.5262389338817537
395.438636,0.043064762764456505,0.5263624717557865
395.473753,0.04295719810257141,0.525985998991639
395.508041,0.04289000087530264,0.5257061602259252
395.539597,0.042846221700167594,0.525546214690725
395.573369,0.042768625326354455,0.5255628736790459
395.610312,0.042829551210184294,0.5258892296138911
395.641215,0.04306835933240809,0.5260318659611996
395.676491,0.04308307943342914,0.5260530511546054
395.710952,0.042934425739637544,0.5259176592037621
395.741239,0.04283361139171726,0.5258587370320041
395.77657,0.04271933475227539,0.5259819466871734
395.812332,0.04267527488235602,0.5257969863515993
395.849796,0.04276094030990976,0.526017417223387
395.881883,0.04302364646552349,0.5261573243119251
395.914341,0.04304850030850213,0.5261050734504612
395.945784,0.043221623701230574,0.5261829566467986
395.978547,0.04314665007259758,0.526323287691318
396.013624,0.04293523200220285,0.5262713693618278
396.055851,0.042830932537779136,0.5260704819488178
396.079721,0.04287316625818158,0.5262445554027314
396.114445,0.04276216534627657,0.526254236839468
396.15364,0.04275347794589625,0.5258939267194056
396.186344,0.042747396765630025,0.5256417096353618
396.225236,0.04301416598452767,0.5258943290003074
396.255298,0.04287655384228178,0.5258907929402146
396.28639,0.04290183558185779,0.5260830818354176
396.320669,0.042919532799561004,0.5262176840620598
396.357149,0.04313134644497178,0.5262617840749176
396.388441,0.04327961599675933,0.5262926540839181
396.415846,0.04307524457170252,0.5261212334481133
396.459656,0.04293218457416274,0.5260012390030501
396.491809,0.042875750289369664,0.5257527698347125
396.52334,0.043104013451145416,0.525972071139853
396.553291,0.04326379766438845,0.5261255820534513
396.590834,0.04317290625733246,0.5262474342146833
396.623401,0.04299515763157086,0.5260966248086615
396.65603,0.04283241712017291,0.5261484681308335
396.691366,0.04287420546585722,0.5262991457301424
396.726924,0.042791457200071034,0.5261257776004703
396.757386,0.042845533521785904,0.5262832623588881
396.795335,0.04281509455270588,0.5259501861837992
396.841424,0.043061554435480764,0.5261102625842136
396.872206,0.04303133599709708,0.5262367105862169
396.899466,0.043065412009019324,0.5260770483281679
396.928886,0.043233461891592606,0.5261633390611934
396.96476,0.043154936805851,0.5263095553813943
396.995727,0.043028417967598355,0.525932649698754
397.027343,0.04284286163249463,0.5260819474347729
397.06008,0.04287825103500679,0.5262168899816084
397.093827,0.042791045860741894,0.5260323463826642
397.131704,0.04273000223875647,0.5259031658634032
397.160814,0.04299867505240861,0.5260416213358581
397.197933,0.042987320428946575,0.5261886617123681
397.237291,0.043146651510498193,0.5263221135145145
397.269559,0.043025877144804485,0.5259773819927376
397.306247,0.04289762737533412,0.525900542984287
397.340979,0.04264897747364315,0.5256964983293573
397.378944,0.04267750531900595,0.5255394513631275
397.411976,0.04259822748927344,0.5258423819797324
397.451673,0.0424308055438563,0.5257752690970858
397.485118,0.04258981177295996,0.5260022151452275
397.514417,0.04258913837730911,0.5258820739971976
397.579652,0.04258383790653963,0.5258500815740392
397.614466,0.043099213252478966,0.5259901035743768
397.645421,0.04278057915668675,0.5258435730380286
397.681861,0.042769626497136476,0.5256424036591976
397.718375,0.04302641203327461,0.5258590877929141
397.750217,0.04289800179726321,0.5258177370444106
397.78681,0.0429168491503448,0.5260319427083548
397.821137,0.042818064541478504,0.5259028832913867
397.851769,0.0430636334276216,0.5260771505595249
397.883951,0.0429240567733061,0.5259703809810381
397.951169,0.04282310987755141,0.5258597900822649
397.993092,0.04270875386567053,0.5259469210354907
398.025183,0.04282807548860505,0.5259577911569571
398.053774,0.04291488074276702,0.5260011987916356
398.089737,0.04313140476852356,0.5261459714096991
398.121863,0.04308349681970267,0.5262973980253483
398.152849,0.043213974984027466,0.5263982289336007
398.194626,0.04298021590816603,0.5263666184059099
398.223424,0.043018098918351906,0.5262515793162506
398.255568,0.043004182724582514,0.5263713235599343
398.287654,0.04299444138894394,0.526455144530513
398.319512,0.04318709722084741,0.5264637334269133
398.352524,0.043482457455456834,0.5264288866704
398.392305,0.04348994048885743,0.526454561842452
398.422242,0.043334471823936384,0.5265134113282753
398.458576,0.04326560643763937,0.5263044095114424
398.488826,0.0430185014577321,0.5262581546359149
398.525394,0.04305314212542059,0.5260561890877307
398.556827,0.04302544738005496,0.5261988591386789
398.594062,0.04304976094867416,0.5261341478291889
398.629001,0.04323064888888537,0.526083771596811
398.658546,0.04304096759619074,0.5259750157071383
398.72931,0.04311245767159491,0.5256935366621873
398.763141,0.04295823374408742,0.5257018512529018
398.793339,0.04285027699483218,0.525707671466402
398.825117,0.042783055645912366,0.5255924230774762
398.861942,0.042571985855581994,0.5255167381139959
398.896586,0.04262361118636314,0.5254136192123746
398.927567,0.04292420131573328,0.5256989386801381
398.964298,0.042782747699086604,0.5258700878408671
398.998988,0.04303891163794728,0.5260541937441612
399.036845,0.042863044924636405,0.5261187663856832
399.070439,0.042783644821216466,0.5259995120593489
399.101246,0.04276851357835418,0.5257156193733221
399.130693,0.042714229641085066,0.5256814569568637
399.173447,0.04252380765220288,0.5255790618295672
399.206198,0.042654913248802565,0.5258648700579645
399.237453,0.04274668716642235,0.5260649358178425
399.27407,0.04270219439046663,0.5259618306618604
399.30352,0.042823483855962324,0.5259682278954159
399.340763,0.04306742694776028,0.5261228917823453
399.374363,0.04277104576687553,0.5258880662074042
399.411493,0.042759694240315525,0.5256376072769608
399.438124,0.04282329944995705,0.5259415431324316
399.474133,0.042911537515713416,0.5259898251744679
399.503054,0.043017018580750174,0.5258591316657066
399.54762,0.0428914263804961,0.5258177677553654
399.580043,0.04307621873638492,0.5260267786019277
399.611929,0.04288915989354275,0.5260995757861199
399.642703,0.042910659817740476,0.5262292298275514
399.674181,0.042770038823802876,0.5262055288571912
399.714077,0.04302670066194109,0.5262532754315096
399.752816,0.043206363948637846,0.5262866980335325
399.779671,0.043064416967549146,0.5259166495552506
399.81439,0.042947956115904205,0.5258465683048559
399.851522,0.0431545575297196,0.5260377300689533
399.881775,0.04310806330396964,0.5261021098531226
399.913629,0.043231171523014346,0.5262615272130426
399.947863,0.04315006795837059,0.5263425958263973
399.982065,0.04329603581944606,0.5263849493340323
400.017186,0.043039802024996784,0.5263145325117279
400.054171,0.04321553490277683,0.5263295779896853
400.085885,0.04314238791367996,0.5264259226313386
400.113608,0.04297594167581312,0.5261786692374752
400.152794,0.04318229798429984,0.5261507351322635
400.1809,0.04348245522149051,0.5262455327696169
400.219634,0.04337790976005148,0.5260473537813222
400.248011,0.04326258708065893,0.5262996945638871
400.278622,0.04306842276273471,0.5259709155263097
400.308033,0.04276853424482356,0.5257457591087732
400.341691,0.04276119505883224,0.5255739339087186
400.376746,0.04282435002291875,0.525896971774662
400.407951,0.043068033264629775,0.5260730124978176
400.44102,0.04323861153382749,0.5261962410040265
400.478693,0.043358016322265894,0.5262825009583727
400.506752,0.04312688156182327,0.5260782740663992
400.578036,0.042809455404185556,0.5258209100868358
400.629402,0.043057607031516544,0.5260197693163393
400.659209,0.04296028712556423,0.5257297994532155
400.688512,0.04315987447317404,0.5259202648487267
400.721603,0.04299977388075167,0.5257412384451035
400.752472,0.042991355198262346,0.5260140849501314
400.783782,0.04298546212051982,0.5262050775036509
400.812272,0.042871478155198414,0.5260170502604748
400.84481,0.042945262609382376,0.526042680164098
400.879346,0.042841197200538646,0.5259462517042394
400.912134,0.04288035152211323,0.5261575942315265
400.946677,0.04294819384811495,0.5261052623941822
400.985508,0.04315140917895954,0.5261830889074033
401.014068,0.04314617753027981,0.5260036430777726
401.049575,0.04328999775647495,0.5261119553859166
401.083063,0.04319124632179301,0.5262378955474091
401.115045,0.04301014256149225,0.5260470502787247
401.148152,0.042831073559013846,0.5261977012206505
401.180471,0.042761264865280674,0.526054766443826
401.218837,0.042988412615932066,0.526228386826535
401.28533,0.04298340231288862,0.5263550888171334
401.321552,0.04286465175525918,0.5261290855675317
401.355611,0.043092929713960504,0.526199765128748
401.386073,0.04290085757784566,0.5262206663548941
401.419969,0.04312158855307861,0.52629959870398
401.452681,0.04324063919739062,0.5263997694086429
401.490722,0.043001024389557975,0.5263249065639553
401.524449,0.043156731550897214,0.5264678389145319
401.556054,0.043097959977888595,0.5264870140174397
401.589231,0.04290437876259533,0.5264217405769782
401.622608,0.04296501291645241,0.5262901648359983
401.657332,0.042963756933777235,0.5263626421624663
401.690409,0.043006577636279755,0.5262487959458401
401.72641,0.042884117719366815,0.5260905327514588
401.755523,0.042798395777527753,0.5259797485153919
401.791305,0.04269468382234274,0.5260666547255448
401.824504,0.04261025244160919,0.5262114243334246
401.856749,0.04271869019086261,0.5263432150719561
401.893287,0.042846559944655194,0.5261516014681854
401.925209,0.04297967366778253,0.5258531061771132
401.958337,0.04297728504918395,0.5260923923625382
401.994093,0.0427079464378721,0.5258667166135393
402.025664,0.04278381039877102,0.526066228406745
402.06337,0.042724937415376855,0.5259268832802598
402.096602,0.04252809450167307,0.5257149365365383
402.129983,0.04243398982382339,0.5254020471149597
402.164041,0.04243636982806091,0.525626500958377
402.19655,0.042801275104456096,0.5257284187872426
402.230102,0.04273716270935641,0.5256904165466081
402.26457,0.04300700214513614,0.5259284238381798
402.29929,0.04288441487556628,0.5258662722760966
402.330207,0.04291060389463258,0.5261016086318265
402.368402,0.04292893620797899,0.5262663440808375
402.400257,0.043137928830864376,0.526295846088062
402.432432,0.04328422366688414,0.5263164974931192
402.469475,0.04318720445907945,0.5263810750224508
402.500078,0.0430105564953266,0.5261831281050863
402.536258,0.0431950630320077,0.5262375949050362
402.564882,0.043056506325908045,0.5258822773653032
402.606593,0.04322722791341471,0.5260269993871881
402.638419,0.04335004778797695,0.5261640318265859
402.673532,0.04343270693686295,0.5262242275100859
402.706848,0.043386675210065465,0.5258679849242507
402.73894,0.04325892053930638,0.526067116224243
402.771891,0.04337223262610112,0.5261921136125243
402.806902,0.04309636961634409,0.5262153102935374
402.842712,0.042946972105411846,0.5260670927948469
402.875216,0.042795457425172836,0.5260920329342981
402.927583,0.04270130280427038,0.5260759634192278
402.973328,0.04303032637775272,0.5258785515716515
403.005198,0.04293153471547594,0.5257154366159031
403.034372,0.04293059024471801,0.5260442319063855
403.064122,0.04310363344134025,0.5261853035076418
403.097438,0.043427390041418795,0.5262697306323817
403.133043,0.043175443165230296,0.5260693348382055
403.164134,0.04331048370094029,0.5261579396182197
403.19533,0.04320558648291875,0.5262700845100212
403.241852,0.04319115585276041,0.5261861155935534
403.271943,0.04305377130043494,0.5258462418472654
403.30603,0.04322862815889111,0.5260375015486399
403.360399,0.04286342918299311,0.5259811968390529
403.389726,0.04273697737947972,0.5260319057652423
403.41946,0.04265169094370912,0.5261031648004401
403.44772,0.04295532247182704,0.5260978820263389
403.479369,0.04305250608454032,0.5257795430856278
403.509684,0.042760601162621564,0.525647722119702
403.547198,0.042553059124744365,0.5255195237241479
403.577872,0.0426103624747768,0.5254155691394811
403.610927,0.042759201514979445,0.5255858448297503
403.652592,0.042664018011870156,0.5257551593587304
403.685658,0.042808289419360476,0.5257399624689274
403.713843,0.04302132980378793,0.5260080240441061
403.756056,0.043202604347930634,0.5261150220623501
403.782874,0.043337639268364904,0.5260703835600238
403.818984,0.04322459538011598,0.5262087952692841
403.850497,0.04314546465834173,0.5263056834657663
403.885322,0.04329281350942586,0.5263591106815906
403.920002,0.04335718972663575,0.5264057186502854
403.953298,0.043169995012147674,0.5259999639869777
403.988999,0.043309984757090025,0.5261451070464386
404.02054,0.043568478730826664,0.5262058482040677
404.056437,0.04355346232181426,0.5263341440587043
404.08767,0.04330738582877263,0.5259498617728708
404.157317,0.04320668356187703,0.5261601212795686
404.205452,0.04307116069989694,0.5258999290290751
404.243029,0.04304132597166404,0.5261251683589115
404.286319,0.04290519831640197,0.5259681412467764
404.337748,0.042921886713741926,0.5261372256500109
404.374841,0.042824834073590334,0.5260124335443783
404.403492,0.04275689722548422,0.5259250790704355
404.430359,0.0428180759500995,0.5261070821265723
404.460922,0.04274892330130679,0.5259554808841389
404.492311,0.04301523455950141,0.5261139688744514
404.525376,0.04356489283125364,0.5261697463689305
404.555521,0.04342960682110522,0.5260545457153162
404.578852,0.04329223825650984,0.5262334000392802
404.612315,0.043127787867012636,0.5259152825600737
404.64134,0.04317653321343274,0.5256876829414351
404.673944,0.0431555210320386,0.5257763244911182
404.703768,0.04314081250506271,0.5258383735758964
404.742488,0.04313051653617958,0.5258818079352411
404.770952,0.043279035060604786,0.5260266707861445
404.803109,0.043183572434683896,0.5261781963275686
404.839969,0.043515661249866264,0.5261840211149822
404.876221,0.04334921076716693,0.526288341557755
404.913236,0.04312396091098784,0.5261182146797991
404.941607,0.04307828611942767,0.5262779683144183
404.976803,0.04304631376533555,0.5263897958586518
405.008058,0.04302066752799543,0.5264323838783237
405.04443,0.043202140754875884,0.5264120739463024
405.076294,0.04352865907400066,0.5263477354480959
405.106953,0.04309390825524379,0.5260454567734296
405.144611,0.043057249260406834,0.5262270377799597
405.179201,0.042960036685787434,0.5258748873777497
405.207426,0.042851539054022184,0.5258287967537955
405.236174,0.042914991819813016,0.5259234733290057
405.272758,0.043096021484104706,0.5261364816461609
405.307547,0.04311069184992466,0.5260068880701287
405.339246,0.04296569696682321,0.5258517101435817
405.372967,0.042967501358512426,0.5260914151390661
405.407272,0.04289721315446135,0.5257799515291242
405.43932,0.04291629710038349,0.5260054928476543
405.472603,0.0428613701737711,0.525719805925136
405.506484,0.04289447260337595,0.5259990821861541
405.54156,0.04291764430409935,0.5261945755688668
405.579417,0.0431333392614562,0.526281335153761
405.613023,0.04308485096475552,0.5263921526461917
405.653623,0.04293566581156601,0.5261550302478725
405.689132,0.04294321396035675,0.5262680479507782
405.726097,0.04314792325752881,0.5262970387970205
405.75275,0.04344504221737916,0.5263962250972148
405.790025,0.043341974180165665,0.5262370955364952
405.821777,0.043580877863224954,0.5263542648148472
405.853556,0.04328288464049461,0.5261285087659313
405.893011,0.04303059619973077,0.5261350241140572
405.927383,0.04320909082509062,0.5262039221113158
405.958229,0.043233445284087325,0.5258897306273046
405.99133,0.04315492518059731,0.5261180294776722
406.026349,0.04314863873142624,0.5259581014769609
406.057714,0.04309556059373455,0.5261658890724316
406.09457,0.04299337462219721,0.5259039664840791
406.128727,0.0429836101277986,0.5260923033161228
406.160283,0.04297677498171957,0.5262241390985534
406.196195,0.04317141597248278,0.5262663026004631
406.228128,0.0433191299919686,0.5262120784863551
406.262051,0.04309966113061516,0.5260289783359868
406.30374,0.0429492761654016,0.5259366604245614
406.333647,0.04295600679751729,0.526150880335752
406.364237,0.042695977504705857,0.5258810506813612
406.400209,0.04297485773857318,0.5260261407084286
406.441973,0.042970648309261776,0.5261778252731675
406.487966,0.04281526059455655,0.5262053084559877
406.52688,0.04274695255242673,0.5260242393147296
406.569629,0.042811114678959254,0.5261764942975782
406.617593,0.0429079713802796,0.5259990268508951
406.650577,0.04296648056972851,0.5258991719774655
406.677776,0.04316420988408904,0.5260388256157016
406.722956,0.04299121705509947,0.5259077013265294
406.754495,0.04282965871664294,0.5260162216933411
406.784365,0.042601399412559325,0.5257774734256951
406.812277,0.04259724972502867,0.5257247547935249
406.846187,0.04270632269978062,0.5259668551327349
406.884098,0.042782673782106984,0.5261363253701818
406.915695,0.04288309954821837,0.526126172740893
406.945158,0.04295836078876098,0.5259638017612154
406.977912,0.04315852603741177,0.5260840664643266
407.01238,0.04310248170792442,0.5262540645635876
407.045296,0.04305998508780764,0.5263373719717788
407.075772,0.042918259697702486,0.5261166837757835
407.106313,0.042758708927316334,0.5262626452110415
407.135384,0.043022084497708085,0.5263289839032832
407.163195,0.04270744252632916,0.5261632761361679
407.200139,0.043029921376721084,0.5260949167312916
407.231279,0.04317695944191139,0.5263068460316673
407.26587,0.043043833812840625,0.525930753153945
407.293962,0.042910197042959425,0.5258679027971321
407.32069,0.04266098483351493,0.5257095739177551
407.353185,0.042638959519697595,0.5256772251379669
407.381024,0.042670492751244064,0.5255259601291543
407.42246,0.04276085840760703,0.525863390128967
407.447084,0.04302609923451468,0.5260229872393705
407.47844,0.042897782838131254,0.52593246665693
407.509925,0.04311943623527853,0.5260978589154052
407.544666,0.04307511884643115,0.5262637192793426
407.576064,0.04304409667423799,0.5263798215340987
407.612434,0.04306609557271007,0.5262966200556348
407.646068,0.04303778038263323,0.5264028520775033
407.677448,0.04290595964181425,0.526198372043623
407.707106,0.042766748700654514,0.5261839284084413
407.740995,0.04302771233904481,0.5262738821414631
407.77446,0.04291080090276086,0.52617266280008
407.809711,0.04312523411721168,0.5262302691915318
407.843292,0.04300762608555083,0.5258771493658502
407.876934,0.04319301174516466,0.5260234097875709
407.909966,0.043326096470201914,0.5261615191068538
407.944212,0.04341594101442042,0.5262224686062734
407.981173,0.043282672191830476,0.5263509460629503
408.020198,0.04308277291319807,0.5261549925644234
408.046907,0.042814262788329796,0.5257263047583227
408.11171,0.04305765743710994,0.5259178185623017
408.150639,0.043192580476014604,0.5260968141667831
408.190452,0.043011076469447365,0.5259482933122864
408.225421,0.043195427013892236,0.5260732105500763
408.256677,0.04319937416654905,0.5259301078110025
408.28655,0.04331404116868433,0.5261087962242325
408.322606,0.043255056718822515,0.5261069023387284
408.358345,0.04316678759543631,0.5262343584143773
408.393816,0.0431082647985416,0.5263592689286231
408.42776,0.042955298732950106,0.5261678638394068
408.454968,0.043159697361651726,0.526262636943139
408.487444,0.043466634785636823,0.5263238640372297
408.519714,0.043517632598532426,0.5263718370816151
408.556395,0.04336039306759559,0.5265268328740922
408.588334,0.04323079109120176,0.5266122092871178
408.622633,0.04307936796495779,0.5261875121839659
408.65257,0.04305543060863638,0.5262069573336314
408.688646,0.04302704931830602,0.5263043969108094
408.718059,0.042895204659051354,0.5260936012331049
408.748545,0.04280291339757309,0.5259460442587117
408.781987,0.042697846156374474,0.5260430617458687
408.819332,0.04271171339691788,0.5257820457546856
408.847568,0.04272142046529826,0.5255993345608574
408.881004,0.04268450769967977,0.5256359097819708
408.920345,0.04265542552601298,0.5256256602429179
408.955968,0.042750311349945266,0.5259331802086015
408.988822,0.04298074515519728,0.526143276461878
409.022018,0.042974769500898645,0.526259820300582
409.055005,0.042861852024600036,0.5260982497997782
409.084505,0.04278280979119101,0.5259851504492153
409.112769,0.042839480335569884,0.5261848233530096
409.155403,0.042879149716635104,0.5263245943856657
409.188281,0.04288233360258508,0.5258146634271437
409.214955,0.042905881414070104,0.526029791176268
409.259377,0.04292563047158525,0.5262160718619465
409.289304,0.042939454811845856,0.5263464683419214
409.323311,0.04299284626903558,0.5262732728211108
409.367022,0.042874505762295886,0.5261076665641482
409.391842,0.04278842416984426,0.5259558899904421
409.426403,0.04284849765705875,0.5260090590112996
409.463978,0.04293413946494925,0.5258818221505001
409.495715,0.04283665758993056,0.5258694854071597
409.528299,0.04292088821369487,0.5259393847667775
409.558785,0.042936135231322586,0.5261527873753031
409.591121,0.04294680814366199,0.5263021692012712
409.623626,0.0427985724786367,0.5262923492056603
409.659122,0.04284724862730624,0.5263641712212296
409.699347,0.04293326514412249,0.526130400697451
409.727971,0.04294479908262192,0.5262864985267747
409.762881,0.042952872839571526,0.5263957670073012
409.794561,0.04288697319120272,0.5259929978368887
409.830347,0.04291239471557809,0.526190316524381
409.86239,0.04285863850440731,0.5258491824988446
409.896852,0.0428925604348213,0.5260896457877502
409.937563,0.042916305786111095,0.5262579700899841
409.973396,0.04329626068275838,0.5263205972400213
410.007734,0.04309524422746071,0.5260214711190098
410.045017,0.04345295531653183,0.5260245137882812
410.077821,0.04350474220685136,0.5261265648832726
410.326524,0.0437048089456596,0.5261928686898515
410.362486,0.04341332846546437,0.525850969014674
410.424869,0.04300996823673432,0.5256617965506283
410.455889,0.04319465125099311,0.5258726628169156
410.486164,0.04312450376795572,0.5260703907491083
410.513727,0.043239372907606655,0.5262036146975478
410.539067,0.04319950881796034,0.5261374767203971
410.56247,0.043059618376074894,0.5258121946360559
410.590154,0.04287430981463697,0.5259136042231444
410.622946,0.04274782364831919,0.5260203537209716
410.656763,0.043022615365054084,0.526039914270711
410.681044,0.04310291246206175,0.5257749251388812
410.70815,0.043224258993480875,0.5259967887703888
410.734963,0.04303649466940759,0.5259141277286429
410.762463,0.043216534517171966,0.5260850216656042
410.791907,0.04303108753599136,0.5259758907552936
410.822962,0.042944982362649695,0.525735026061283
410.855455,0.04295300113559097,0.526009736281457
410.885897,0.04331859019577732,0.5261110886685806
410.911918,0.04337523340708177,0.5262321032411784
410.942718,0.043453651633543894,0.5263076045243791
410.974778,0.043309069625216905,0.5264105412056242
411.003727,0.043207862219388014,0.5264825968824959
411.042723,0.042978080504956155,0.5263828857956523
411.070728,0.04317564460205596,0.5264131523125107
411.097057,0.04304291342494183,0.5260051675505355
411.126033,0.042750677708368545,0.5257697355257313
411.155702,0.0428656655008661,0.5257142957106022
411.18523,0.04289747933234245,0.5259952250359805
411.221893,0.04291648342490026,0.5261561843024538
411.253853,0.042821051771401164,0.5260257046010883
411.285801,0.04291492734498894,0.5258934740633522
411.313939,0.04293196262322844,0.5261206498829054
411.349474,0.04315219772837645,0.5262582868100473
411.379713,0.04293911536124806,0.5262258687449384
411.412318,0.04294889423460982,0.5263533261600158
411.45084,0.0427681960388805,0.5264591939278558
411.480417,0.042760958314672096,0.5260733382820766
411.515005,0.042668477598343774,0.5261321675622241
411.580135,0.04275618221110119,0.5262520440708244
411.607923,0.04282592828593859,0.5262163668675671
411.636521,0.04275441993639416,0.5260319802028353
411.667696,0.042819607437212096,0.5262176041805436
411.696619,0.042796946293504216,0.5259042254589581
411.726323,0.04284937588718914,0.5261281758598296
411.755192,0.04308555136961905,0.526234855357435
411.780712,0.04297984816223599,0.5258803596819823
411.811159,0.04281847066494974,0.5259613197552928
411.844936,0.04274919960170196,0.5258534472242432
411.874954,0.04281268761345192,0.5260569398342377
411.904606,0.04270145828080089,0.5260849258618716
411.929617,0.04267888254609046,0.525856501154305
411.964747,0.04276346567452387,0.5260590775852809
411.992019,0.04274567881948059,0.5258269632688946
412.060337,0.04265455212502096,0.5259239422661315
412.09124,0.04274643437977522,0.5261062863635595
412.117155,0.0431739934667063,0.5261786737260523
412.145894,0.04299806556293155,0.5260055950037749
412.171609,0.04298689378631263,0.5261634432799098
412.198345,0.04297907354267939,0.5262739370732044
412.227114,0.04301729926251126,0.5261867023833566
412.25449,0.043003622965494065,0.5263259097069086
412.283719,0.04299404955758203,0.526423354833395
412.310849,0.04287210482654456,0.5261768717789148
412.337959,0.042830435582083846,0.5258397711770183
412.36491,0.04296508526172009,0.5255988654911034
412.394952,0.04285507305717505,0.525635581433143
412.423904,0.0428951518781903,0.5257848430211902
412.450224,0.04291811979646939,0.526044608153392
412.475017,0.04293093174978912,0.5261907524846419
412.506905,0.04283116559882337,0.52604990232862
412.537646,0.04276132929314734,0.5259513072194048
412.573496,0.04266873728327645,0.5260467458183538
412.606009,0.042538888248452394,0.5257063219835837
412.643191,0.04276100212817807,0.5255054510556991
412.674966,0.04285536659399463,0.5256730987475647
412.704638,0.043086430101075324,0.5258805743547711
412.738341,0.04293677120698987,0.525796925443878
412.794798,0.04287896093234866,0.5256097503432922
412.830931,0.04306749292268171,0.5258811664134765
412.868628,0.04292351518211434,0.5257973398849718
412.904792,0.04282597400145102,0.525774513508851
412.935962,0.04303370901125131,0.5260322097720526
412.966211,0.04289986644411306,0.525903070235975
413.003086,0.043281395911742786,0.5260364224367432
413.040288,0.0435484665390836,0.5261297689772809
413.070581,0.043536146847396165,0.5262451794572687
413.10219,0.0432548161671483,0.5260880012094588
413.130214,0.043057884690974796,0.5259779764359919
413.161058,0.04302876717594291,0.5261441102824618
413.197644,0.04317897340876775,0.5263266008934782
413.228942,0.043316269634724076,0.5263737528809889
413.265158,0.04305396569569139,0.5263066949945974
413.29652,0.04291404612322112,0.5260952098917564
413.324737,0.04277240923763932,0.5261117149021347
413.359803,0.04272019984031851,0.525994576020865
413.393122,0.042792387780483505,0.5261557299918729
413.425681,0.04284618492807463,0.52630422903287
413.462324,0.04288384293138842,0.526408178361568
413.490242,0.04291020353370807,0.5264809428916565
413.525639,0.04281341260983279,0.5262171834196978
413.565687,0.0428576367191435,0.5263115551710559
413.593123,0.04289185918513663,0.526413306658298
413.626731,0.042906555702295,0.5265087977502556
413.664591,0.04292283688386705,0.5265156852024464
413.692085,0.04293423371096748,0.52652050641898
413.720811,0.042945477079413416,0.5265595725318449
413.758165,0.04295008184784994,0.5265512275495589
413.793372,0.0427976342448795,0.5264309272625964
413.824568,0.042846591863676196,0.526461175861085
413.869985,0.04272519125595788,0.5263678910806647
413.903796,0.04315912328003416,0.526361797028026
413.938996,0.04326360656606156,0.5264075990927902
413.970747,0.04317277248850364,0.5264448461422206
414.001032,0.04295351769333709,0.5263564602774597
414.037443,0.04294271497491936,0.5264572929709704
414.07615,0.04315088873103021,0.5264652373352335
414.100961,0.04281766841308604,0.5262112678459366
414.126551,0.04306335613774688,0.5262930197477098
414.159101,0.0429238626703938,0.5261214894127676
414.193059,0.042826217243246645,0.526001418178308
414.228492,0.042801573157728395,0.5257528952573931
414.270546,0.04305208945899653,0.5259721589357294
414.295558,0.043224136106576654,0.5260899164864863
414.326667,0.04334788352319031,0.5262080737960946
414.361327,0.043431191951512294,0.526255056888742
414.401696,0.04318134774002959,0.5260949154114901
414.437312,0.04311519131028126,0.5262259675653105
414.468928,0.04280127222810615,0.5259242955360737
414.496538,0.04284913845193485,0.526106533652519
414.53912,0.04287665118905375,0.5262940566462103
414.574894,0.04274946261041093,0.5262866704171176
414.609973,0.043012297312566734,0.5263100745234581
414.639191,0.04316413532903231,0.5264071024822776
414.671735,0.04327042194055821,0.5264750220534512
414.699048,0.04337696884366983,0.5264419206688916
414.72521,0.04325212608282943,0.5264688712454916
414.769005,0.04316473615024115,0.5264877366491115
414.808058,0.043103563197429355,0.5265009424316455
414.837398,0.04294876437443769,0.5262311830976901
414.867477,0.04315180854738546,0.5262712333998589
414.903361,0.043094513875430375,0.5263493901571686
414.942033,0.04290196649087457,0.5263254038747885
414.977052,0.04280764667984934,0.5261083061078903
415.011466,0.04269096705971125,0.5262156536386213
415.0451,0.04260929132561459,0.526290796910133
415.079947,0.042606017301901195,0.5261199334264638
415.109606,0.04264743319878658,0.5258358559311022
415.153334,0.04258901001722392,0.525965929916542
415.185647,0.04269130128321591,0.5261599427697349
415.212186,0.04278412926582774,0.5263358418510458
415.238109,0.04300441769631501,0.5264251396115889
415.2673,0.04288260576139149,0.5262139733174829
415.304301,0.042837786236476695,0.5258657422540159
415.335838,0.04303867063557133,0.5260603607509832
415.375894,0.04337855884576358,0.5261465257972489
415.409523,0.043253239084295056,0.5262620948353416
415.442177,0.04305353749524368,0.5260639897802774
415.476194,0.04291374638290772,0.5259253162417324
415.510021,0.04281589260427255,0.525828244764751
415.539094,0.04306211307157744,0.5260249035908798
415.575612,0.04323115263538329,0.5261268377450917
415.613337,0.04319375462740399,0.5260837328536778
415.641438,0.043021637029318174,0.5260466393304297
415.677227,0.04309892627478412,0.5257436731984914
415.710548,0.043221468662386534,0.5259749124121159
415.741145,0.0435455547815718,0.5260774851610306
415.778987,0.043370136239360806,0.5262137663899888
415.823074,0.04324734325981311,0.5263091632502597
415.847072,0.04300571723325372,0.526261482253087
415.876045,0.04339028642058694,0.5261925215821353
415.924674,0.04365948485172019,0.526144249112469
415.961952,0.043649312881483215,0.5262103796102041
415.992697,0.043497995828089615,0.526058616644959
416.052936,0.043268559283165385,0.5257569925832493
416.09193,0.04306426163445291,0.5257104182038128
416.125838,0.043036496625853224,0.5259925107812279
416.158244,0.0429018177743344,0.5258752809423978
416.184972,0.04292278592377026,0.5261079146982374
416.21894,0.04293419803889973,0.5262350670660336
416.251521,0.04294218651949036,0.526324073723491
416.280025,0.04295940359680918,0.526302550411299
416.317009,0.042807389295839736,0.5262926160526797
416.354993,0.04285342039934836,0.5263643580141433
416.382576,0.04292934206217954,0.5262499970420139
416.416085,0.04282680957976282,0.526055521324948
416.453523,0.04287028018757015,0.5262340829660226
416.487522,0.043100184379885755,0.52630899033177
416.517633,0.04326111731450668,0.5263614254877932
416.554703,0.04316885854070025,0.5264552253862398
416.584343,0.04295077792987472,0.5263637257482732
416.622152,0.043164683362142964,0.5262802746898221
416.686334,0.042991548489737214,0.5260767156784137
416.724015,0.0429823318350766,0.5262132277521571
416.753345,0.043339121685417266,0.5262535326980706
416.792265,0.043260939883385335,0.5262920637242207
416.823338,0.04337364616695639,0.5263495768625086
416.859795,0.04325306579860565,0.5264399218423149
416.890245,0.04302486072753629,0.5263552484417048
416.924829,0.04320507599455449,0.5263580791406691
416.960215,0.04313506667792433,0.5264458734370273
416.992067,0.04309441970771296,0.5263878102107744
417.022025,0.04310132169614256,0.5263022121293078
417.057455,0.042947195323536934,0.5260920718860538
417.092688,0.04295455020821204,0.5262596683587966
417.12916,0.04296478588391619,0.5262217038691477
417.163114,0.04285996192501479,0.5259163220399921
417.193779,0.042821935551013005,0.5256573863597724
417.230666,0.04270793183709365,0.525805238429746
417.261125,0.04283902909701692,0.5257750178186383
417.294264,0.0428072825714145,0.5255584734048248
417.328036,0.04286497083315608,0.5257666301882327
417.359829,0.0427817497194464,0.5257171645273011
417.396341,0.04267980175499702,0.525847083147016
417.430743,0.04297500003972857,0.525918624868942
417.462598,0.04286201340178098,0.5258594129976301
417.502463,0.04289492286298287,0.5260968071369
417.532557,0.042760108132536494,0.5261913859350847
417.570201,0.04266465264416009,0.5261790381324646
417.603966,0.04264477022488305,0.5260417022820959
417.629156,0.042583916108802675,0.5260742595753723
417.662566,0.04269698916842242,0.5262115084800281
417.702639,0.042776140310156245,0.526307582713287
417.730826,0.04287852611785285,0.5262460528810666
417.76536,0.04274754523388154,0.5262173049946519
417.799904,0.04285522944635276,0.52614705992837
417.835611,0.043250150013310576,0.5262072152214197
417.868016,0.04317170574748516,0.5261849866729839
417.902548,0.04304015622674227,0.5258454516028666
417.93351,0.04326282096701026,0.5258724395579807
417.974113,0.04317548815864336,0.5261059257291454
418.00544,0.04295864848912366,0.5261549787751723
418.041618,0.042738600736205036,0.5257460898083768
418.080896,0.042696533889314506,0.5257386384552344
418.128768,0.042779087204256334,0.526012264957223
418.169679,0.042888837854030804,0.5259199363878723
418.218053,0.04300596685208296,0.5256549811387011
418.262865,0.04303940469720155,0.5257892317788565
418.294469,0.04311136364230248,0.52556348791239
418.324098,0.04291053150099628,0.5257395095165782
418.35064,0.042813642186934536,0.5256981800571431
418.37925,0.04285779742311473,0.5259482528172676
418.409458,0.0429842385504417,0.5256748026392779
418.439483,0.04317995523389584,0.5259174941030487
418.471193,0.043161196564470566,0.5259729908538998
418.505211,0.042989107731366535,0.5258616169932682
418.532899,0.042871888785927556,0.5258195074846584
418.559737,0.042994102504410686,0.5255846809064515
418.592441,0.043347361153951124,0.5258135499060766
418.623225,0.04312266618173677,0.5257858605236243
418.656279,0.04307737980895192,0.526045320405096
418.691803,0.04304241375852689,0.5261912510608346
418.726752,0.04318521684120442,0.5263239260584411
418.761932,0.04285029009975236,0.5259928664812652
418.789418,0.04292497714557318,0.526032761024877
418.828292,0.04309970427193888,0.5261772738905859
418.861861,0.04326078123894386,0.5262692239789643
418.898841,0.04317079475952125,0.5263479835625424
418.930331,0.04295213328304942,0.5262886564716849
418.967328,0.04312202050837019,0.5263921098460363
418.993853,0.04308528738902506,0.5263501756970808
419.023947,0.043215228382553136,0.5264351733038134
419.058695,0.04318260765042288,0.526299567744783
419.092048,0.043107931625609275,0.5263855141480327
419.125141,0.04323107934816209,0.5264599102194798
419.164084,0.04315000343597401,0.5264814639309033
419.195954,0.04298127254141895,0.5262175481471706
419.232999,0.04286316091523041,0.5260328070985577
419.261367,0.042935688801545184,0.5259679865506401
419.304099,0.042874473860419586,0.5256440558202046
419.336574,0.04290364518402989,0.5259460571127021
419.375682,0.04281206500279191,0.5258786155682622
419.40269,0.04305943375054099,0.5260601631533377
419.43876,0.04287418057676324,0.5260871821852416
419.47554,0.04278819653997141,0.5259415509252074
419.507286,0.04288368536061567,0.5259540320797589
419.53332,0.042798093126401954,0.5258841980452019
419.573949,0.042890612971117056,0.5259138850637549
419.604858,0.04284665016723769,0.5256916220772059
419.641044,0.042728461895139694,0.5258649662188146
419.673283,0.04264250027798233,0.5259505443310755
419.708119,0.04266971239809028,0.5256813419635307
419.81103,0.042604605456736507,0.525857770139242
419.837487,0.042875444089753204,0.5260547802706413
419.864163,0.04295628767387861,0.525949697107265
419.895054,0.04312492858195062,0.5261548382909425
419.922463,0.04312267790810892,0.5261391317854254
419.954242,0.042909848301645515,0.526262158275341
419.987481,0.04292840729288804,0.5263787288312975
420.020443,0.04293813299728218,0.5264246369591757
420.047901,0.04330818249896117,0.5264015191429837
420.080291,0.04310033955554628,0.5260421927316773
420.146734,0.04294650782511954,0.5259100583077124
420.175803,0.04279836225565699,0.5260178715801691
420.21116,0.042778815782462544,0.5257284710378962
420.25039,0.04272468442169476,0.525726305315898
420.287286,0.04268679246915731,0.5257247893104993
420.314589,0.042660268102381105,0.5257237281067202
420.346316,0.042753701153402955,0.5260018277132631
420.378148,0.04286778191239019,0.5258767602418745
420.410435,0.042786960712644116,0.5258301077586828
420.451493,0.04283912039111143,0.5260406022083454
420.513879,0.042807346477280656,0.5257443824776197
420.545318,0.042697719485481005,0.525866135712239
420.57646,0.042776651532097254,0.5260658217758347
420.618341,0.04303464432105473,0.5261912074986385
420.655078,0.043012498916998855,0.5262933720263143
420.694163,0.043036941931914034,0.5261145298062373
420.719228,0.043213532837618904,0.5261895760958419
420.759579,0.04298527976440654,0.5262135340318599
420.790111,0.042963812956184996,0.5263852289797726
420.820321,0.04285093920556664,0.5261501836813791
420.85642,0.0428156196473993,0.5258210895087433
420.89279,0.04286244723491569,0.5260699806946793
420.923819,0.04278322643841197,0.5259653620756461
420.962752,0.04257210541033171,0.5257777954127149
420.994611,0.04253305073861674,0.5258895247668056
421.022949,0.04286412376561837,0.5260677995923181
421.062979,0.04289640011766904,0.5262426777531816
421.094946,0.04328232671484895,0.5263098926042595
421.126087,0.04318587659265481,0.5263764516002492
421.159748,0.04295308267003414,0.5263926087658195
421.192704,0.04280296464709721,0.5263556569008441
421.224573,0.042785296340423794,0.5260008623631683
421.257226,0.042837955330557204,0.5261601304314852
421.287972,0.04287808221312622,0.5263073093405986
421.330697,0.0429029054414489,0.5263746433156864
421.364437,0.04313117262024489,0.5262879169870114
421.399323,0.04311888029087747,0.5262486125848777
421.429472,0.042962729577585214,0.5260904043987851
421.466901,0.042965424186045834,0.5262585011177084
421.494697,0.04312801720026973,0.5263352919555679
421.52694,0.04292218899157335,0.5262797723468028
421.554129,0.04277810924548589,0.5262409086206672
421.589446,0.042832924364100675,0.5263281628117344
421.636848,0.042931981043680054,0.5261340374984113
421.666024,0.04309476105835485,0.5263320669200456
421.696353,0.04289890969223294,0.5262775148219372
421.728015,0.04296446468530654,0.5262250053571218
421.757175,0.042695763590623846,0.5259236219903416
421.788407,0.04262284129151,0.5260273661580096
421.833666,0.04265920999151274,0.5257710588431842
421.877283,0.04274969488631947,0.5259992679674964
421.923448,0.04301577466901028,0.5261446198328017
421.960182,0.043198715753586275,0.526210639114437
421.991478,0.04297167797889494,0.5261925153580111
422.020365,0.04296842247748701,0.5262942875278752
422.047662,0.04284609353893031,0.5261027788516812
422.086986,0.0427717788512222,0.5259883207855476
422.113079,0.04303938400708619,0.5260174912159141
422.140122,0.04321524229023942,0.5261216490826157
422.17504,0.04323444995742899,0.5257961800250215
422.206996,0.043043628344171275,0.5257737016068857
422.238131,0.042866346618993204,0.5259224218895905
422.27386,0.04309743088188189,0.5260908275782675
422.30049,0.04305971509905351,0.5262587973433462
422.329323,0.042918070705574594,0.5260616815358806
422.369274,0.04297459727653791,0.52603812350723
422.397079,0.042818024871649846,0.5261075172198315
422.42913,0.042748887546392035,0.5259557854494203
422.474581,0.042744183485977076,0.5256850107463722
422.50261,0.042852876222819636,0.5257744539545741
422.533717,0.042888526837709925,0.5260373358067608
422.563625,0.04280148216036793,0.5259425106541032
422.602729,0.0428492854045181,0.5261192842351398
422.631647,0.04280575263047655,0.5258691079237958
422.665029,0.04305501508992023,0.5260535078022113
422.69642,0.04296173165039991,0.5257893579941253
422.732004,0.042961460047540485,0.5260120773731551
422.76494,0.04280559898466288,0.5260535221391138
422.801011,0.042743432663235,0.5259538410867504
422.833349,0.04265620964233781,0.5260485195254958
422.866214,0.042638860123607444,0.5259503392572178
422.908768,0.04262347222276235,0.5258457608755908
422.941399,0.042569007507318186,0.5259371005908188
422.975942,0.04268655314738328,0.5261154971908406
423.006023,0.042768835095428843,0.5262403748108558
423.038509,0.042834785304967954,0.5262081983855892
423.073688,0.04323361064568467,0.5262927307903835
423.106343,0.04304304082595026,0.5261212871426392
423.140558,0.04302164205990136,0.5262801190384063
423.17456,0.043055340546939075,0.5260715641694748
423.215973,0.04339358501533797,0.5261901130956648
423.247338,0.04319873059819233,0.5258849816995428
423.276189,0.04301538155497177,0.5258000105852182
423.306848,0.042843344039864784,0.525905075387558
423.340697,0.04276985420187633,0.5258499283606614
423.376311,0.04283041142304961,0.5260901678910219
423.413508,0.04323613462861534,0.5262031357007477
423.445105,0.04333977349213072,0.5262999157470541
423.489823,0.0432130940340749,0.5264177117996865
423.511488,0.04313741371611298,0.5264519250370481
423.542978,0.04328386308655817,0.5264257527574094
423.577756,0.0431902176423269,0.5264932449687455
423.61234,0.04301266572359981,0.5262616470674926
423.647531,0.04288513614275701,0.5260636763427831
423.677425,0.042799108673900896,0.5259609490293188
423.708647,0.04273888944570161,0.5258890399098939
423.752728,0.04269998257645722,0.5258745378387354
423.784531,0.04295425566238293,0.5260328469964531
423.811653,0.04308861286979407,0.5263082437520094
423.852092,0.042897835786929156,0.526296601391177
423.88596,0.042928358084016335,0.5262833197786791
423.914778,0.04267369756225477,0.526000365804838
423.954532,0.04276310177531452,0.5261954741019456
423.983294,0.042669978020793475,0.5262176626361323
424.016819,0.042959972863142085,0.5262974961008469
424.05268,0.04315965448947854,0.5263176525020686
424.082642,0.04314698604337846,0.5262531017332137
424.126996,0.0429824036043359,0.5260935468026203
424.158223,0.04333917192389878,0.5261697560333949
424.187785,0.04327264824747262,0.5261495742051421
424.22013,0.043223906849498075,0.5261782549812428
424.251902,0.043388115993412496,0.5260695854917985
424.319902,0.0431916433988914,0.5257646707760368
424.354985,0.04312566386096016,0.5260304875817847
424.388272,0.04327895295125876,0.5261664735628034
424.42674,0.043186780547617314,0.5263117495325214
424.458108,0.043010259757303104,0.5261346002621357
424.492612,0.04319485531539125,0.5262036254149708
424.520233,0.043124646613034424,0.526302064567747
424.554773,0.04327272446783679,0.5263635869592026
424.591439,0.043032085029111385,0.5263283142485933
424.62354,0.04290197289434895,0.5261461955633859
424.656756,0.04301846273256816,0.5258493220437537
424.692683,0.042883188136015674,0.5258352912406403
424.759549,0.04279774506918195,0.525801079457819
424.804155,0.042734691684664504,0.5257412790160115
424.838286,0.04300195766454423,0.5259283005426839
424.862843,0.0428776405014181,0.525830333775417
424.895074,0.04293701345526265,0.5259005166513673
424.928065,0.0433073988195475,0.5260346349275178
424.967359,0.0432034270659438,0.5261837712265299
424.997974,0.04313173983859478,0.526366558664647
425.030777,0.04308046577927689,0.5264161178425203
425.072933,0.04277696435640309,0.5260574007301206
425.105122,0.042676452000866706,0.5260852484889897
425.139952,0.042765029882342875,0.5262548919808517
425.176337,0.04275548312114266,0.5258943853183742
425.20655,0.04271344999107332,0.5256871990544506
425.234216,0.04267892836772231,0.5256974149274861
425.264522,0.042818726668456986,0.5256995413670564
425.305188,0.043260269213507424,0.5258489626426237
425.334998,0.043102150652957846,0.5256102347816145
425.367703,0.04294777559330763,0.5256076877426684
425.401122,0.04315111640059442,0.5258347866513436
425.44111,0.04298529485438708,0.5258007262453113
425.487992,0.04298121987980714,0.5260557264102769
425.519507,0.04302208181660848,0.5260697534689596
425.551797,0.0430589340826773,0.5259601783460879
425.583066,0.04287706063594742,0.5260529556070319
425.613569,0.04263458075607246,0.5258031871652787
425.665807,0.04278439763425885,0.5257377118582854
425.691119,0.043040066592567844,0.525961530556354
425.721006,0.042904316751034635,0.5258535947849861
425.753171,0.043120695211003326,0.5260069215809661
425.781943,0.04300443096981155,0.5257407795549184
425.814528,0.04287935169853761,0.5257189889562651
425.85481,0.04283550839247898,0.5255192532011634
425.883886,0.04287636935647147,0.5258586952793733
425.922189,0.04294540633216572,0.525896033127675
425.962265,0.04295003232477655,0.52608674996664
425.989858,0.04300849943839495,0.5259720758944642
426.025112,0.043161476817112056,0.5261705034419818
426.058103,0.043153224876986564,0.5259948332519776
426.095732,0.042991869220164056,0.5257575126079731
426.129771,0.04334579785497848,0.5259345320971418
426.158826,0.0431266703047584,0.525715301799588
426.194344,0.04327634269860996,0.5259101164911875
426.221602,0.04338111337430605,0.526046486775307
426.267014,0.043454452847293316,0.5261419459741906
426.319124,0.04316576572397938,0.5262445838444548
426.3747,0.04294861295817011,0.5262162766690236
426.42788,0.04331551847158272,0.5262556669398771
426.471486,0.043408536415386986,0.5262883720893898
426.497605,0.04320919657822664,0.5259537629951503
426.525813,0.043337425853345296,0.5261127663521594
426.554154,0.04306877504872625,0.5261240044244169
426.592039,0.04308009031674406,0.5260817495292054
426.620683,0.043052663959888604,0.5260971606884338
426.653909,0.04322453825720111,0.5261774177133794
426.689976,0.04303344691627792,0.5260047157949039
426.731012,0.043214401089981196,0.5261484333119869
426.811483,0.04333775424826592,0.5262133085498666
426.930556,0.04311269811002329,0.5260298393804449
426.991239,0.04311083645965198,0.526015833998425
427.029276,0.04326857377034304,0.5261562160544517
427.061614,0.04321994942187581,0.5261042976702298
427.096069,0.043185912377948756,0.5260679548012744
427.130028,0.04300640880080127,0.5259280917564304
427.162822,0.04299599964229707,0.5261448822680602
427.196399,0.043196338560838606,0.5261270842536729
427.227386,0.04332511047786611,0.5261983642090469
427.259692,0.04321909081624246,0.5263340729848918
427.291131,0.0431885914721132,0.52626459607119
427.319844,0.043008284166716385,0.5260657406453713
427.344926,0.04291705176401535,0.5258316274109578
427.376032,0.04269758631406108,0.5255533966358668
427.419686,0.042828501524850876,0.525562858487697
427.480498,0.042715757845468924,0.5257748317061584
427.512163,0.04283297827446393,0.5258373286264245
427.53824,0.042803046995627404,0.5256020909702751
427.570099,0.042741646270910164,0.5256378392685632
427.598845,0.04253979070054638,0.5255126057283507
427.62509,0.042709801273018155,0.525653770441959
427.653599,0.04278510878337326,0.5259171660866387
427.678265,0.04283782404062183,0.5261015430379146
427.70905,0.04260711513934455,0.5258371983668966
427.742869,0.04260125073377833,0.5257665622523658
427.776648,0.04307236491450848,0.5259408668482167
427.8096,0.043090846545164055,0.525834087636342
427.841445,0.04283113937543331,0.5255214660111955
427.874611,0.042873311044539494,0.5258602442463958
427.904506,0.0428995656234382,0.5260616977497444
427.960074,0.042809209310377724,0.5259595640141917
427.986442,0.04305743476585106,0.5261168270654885
428.009761,0.04276405123953908,0.5258838209056045
428.035694,0.04275479807118001,0.5256346355657011
428.061331,0.04274832085332866,0.5254602058277686
428.12175,0.0427000947335672,0.5255026674749763
428.147875,0.042669579687468026,0.5255682428218541
428.180204,0.04264497591746476,0.5255782933708362
428.208089,0.04310297254308898,0.525809078631146
428.274933,0.042907887558235595,0.5259471858065727
428.306034,0.042771328068838224,0.5260438608293714
428.337449,0.042719443022157744,0.5259470781699307
428.368921,0.04315845674799104,0.5261029728959838
428.395055,0.04310243320532991,0.5262672990657477
428.422786,0.0428392500375494,0.5258247140117795
428.447646,0.04276698840025557,0.5257936753976163
428.476731,0.04298911215021655,0.5260099139515034
428.512774,0.04298062639741213,0.5261664665433199
428.542341,0.04297468637044904,0.5262760533575913
428.571826,0.04316995394459341,0.5263026425817897
428.60397,0.04299523789745253,0.5260923732027911
428.637906,0.04318434001349585,0.5261740664734296
428.664184,0.04300530814568424,0.5260023699269389
428.694522,0.04288322907594995,0.5259180345382279
428.722501,0.042794530489402106,0.5258231475722979
428.756347,0.04277613354608413,0.5255921642323864
428.78637,0.042763255685761545,0.5254304758944484
428.811939,0.04271054911627022,0.5254818565216521
428.843402,0.04284086119244052,0.5255486504829726
428.875291,0.043040823104746016,0.5258383965112529
428.905271,0.042948538376824864,0.5256028384896549
428.938167,0.042995924646413095,0.5257169333748721
428.967459,0.042873417388726305,0.5256823767579488
428.99405,0.04282325633956027,0.5255099324931527
429.022652,0.0427120862157655,0.5257377835099774
429.047004,0.04298613383631493,0.5259258536884599
429.075015,0.042822870636805,0.5259931655598271
429.105924,0.042599856349206836,0.5257972578516416
429.142091,0.04270814733670533,0.5260176072734165
429.183594,0.042986691384280386,0.5261574573469457
429.219196,0.04314290423903392,0.526264561316034
429.254602,0.043080139237637004,0.5263610096479083
429.281503,0.042979318553801646,0.5260046092861133
429.313763,0.042818099939045694,0.5260482944781846
429.344162,0.04306034344261107,0.526143211366205
429.376134,0.04291851054606489,0.5259807713518818
429.405459,0.043333484100146646,0.5260815864188666
429.443699,0.0434244271186893,0.5262022427487608
429.471472,0.04328861246481869,0.5263367879626915
429.504002,0.04339301697395973,0.5263808838294382
429.537994,0.04346610013035847,0.5264117509361609
429.567131,0.04351725833983758,0.5264333579108668
429.597293,0.043197887615959614,0.5263841813023772
429.628251,0.04306174241862747,0.5260208294442414
429.658233,0.042922733067010214,0.5259309562003397
429.690422,0.042781719924980456,0.5260325001050082
429.753583,0.04268301072555963,0.5261035808382762
429.780591,0.04265762088186272,0.525988882176164
429.809693,0.04263984799127489,0.5259085931126855
429.8392,0.04273940707562861,0.5261312332174387
429.875686,0.04269709832691101,0.5260082388415778
429.911272,0.04282815993384583,0.5258812480316948
429.946137,0.04307070020227873,0.5260620058777405
429.979629,0.043237163626874194,0.5261528093458941
430.011764,0.04315752802054812,0.5263021845806848
430.040882,0.04310178309611987,0.5264067472450383
430.069897,0.043059496059544455,0.5264442498487942
430.105061,0.04287422419306566,0.5263560428720613
430.13737,0.04294718483588945,0.5262799749922087
430.165179,0.042795606336507155,0.5262410504724513
430.195776,0.04284517232781556,0.5263282621079833
430.229676,0.042883134111207075,0.5264250015141473
430.265364,0.04295838498285308,0.5261729819024934
430.304441,0.043123089758034805,0.5262754285049174
430.334168,0.04296567620459535,0.5261091755428129
430.369744,0.042852243479453885,0.5259569462755073
430.400672,0.0430842439208968,0.5260792676243309
430.446557,0.04293848411859874,0.5259718629264023
430.477349,0.043044020589543014,0.525727289197865
430.510696,0.042863391364064654,0.5258541704164108
430.542874,0.04305990116508085,0.5260879696073445
430.578004,0.04303344429729278,0.5262567967637001
430.607102,0.04298315260647263,0.5265059927428297
430.636743,0.043179195073117495,0.5264993271755349
430.675585,0.04316066445192573,0.5263802740046402
430.703841,0.042991978490318994,0.5261825673926188
430.737122,0.043026332725858984,0.5261227436069468
430.780069,0.043073313577814305,0.5260196231844696
430.810739,0.04303956739673056,0.5261732630063961
430.840908,0.042947659381214046,0.5258372450362552
430.874085,0.042839631703086974,0.5257665949209169
430.921838,0.04280168507159928,0.5256129807234351
430.954434,0.04269375650150404,0.5257741544843098
430.98111,0.04297330303633191,0.5259513133704926
431.012389,0.04290127432893499,0.5256818802911227
431.046088,0.042962839812890175,0.5257722626358995
431.081137,0.04269462617993239,0.525606702085486
431.112102,0.04267410007548251,0.5255217445108351
431.147587,0.042815346863889124,0.5255765720754008
431.187333,0.04291093390973051,0.5255790812953709
431.222256,0.04293425447497912,0.5257452929247497
431.252713,0.042945491614221565,0.5260169230858838
431.28285,0.043149517615234174,0.5261212513915944
431.31218,0.04309291022292447,0.5262444027513835
431.348502,0.043053285048307674,0.5263306087032359
431.384175,0.04302881301555155,0.5264266441308241
431.420424,0.043172389380923736,0.5264529920647488
431.448161,0.0433083460519257,0.5264264996768
431.487768,0.04314773244685728,0.5260793128753377
431.520128,0.043103631080376695,0.5262794009249678
431.549303,0.04307276012384029,0.526419462559709
431.58512,0.04293044546065919,0.526209999381167
431.619233,0.042830825196432415,0.5260633751561876
431.654956,0.042913525420138376,0.5260393090414449
431.690134,0.043118877840435894,0.5261533366796584
431.728127,0.043071462380565674,0.5262668624530283
431.758563,0.043081971449031656,0.5261817501492334
431.792822,0.04320960028435981,0.5262815662776353
431.823945,0.04302299033528901,0.526077619789883
431.855186,0.04289236337093945,0.5259348572484563
431.891153,0.043112327844936696,0.5260638053053952
431.922682,0.04299859169495834,0.5257606246455546
431.958562,0.04298726207873138,0.5259919640291557
431.997936,0.043181958827402576,0.5260364566056109
432.043012,0.04300716171475099,0.5258388447429462
432.097289,0.04299326109258624,0.5260467180973297
432.128248,0.043186271013397025,0.526177834923685
432.158247,0.04333021360149446,0.526298316338593
432.195095,0.043107419657283264,0.5260893448325534
432.231715,0.043227414030135934,0.5262168825559593
432.271753,0.04315397000989406,0.5263827092076285
432.297278,0.04309602689918639,0.5264274232226074
432.327025,0.04294348896566761,0.5261797196513635
432.357871,0.04295195575770351,0.5263210217945133
432.3905,0.04304083094350128,0.5259601847881723
432.420993,0.042908095034421875,0.5258885049410913
432.474404,0.0429708944248388,0.5259526984405296
432.500527,0.043175442322200615,0.5259567570247494
432.523496,0.043042771829043085,0.5256856908491025
432.562652,0.04338478691281078,0.5259200017714043
432.602514,0.04314886421293853,0.5258603768293537
432.63936,0.04309245284131752,0.526061790557815
432.66939,0.042984679192424914,0.5257592143222485
432.714412,0.043073055788958835,0.5255424756927645
432.747606,0.04320335932230883,0.5258340741581071
432.777813,0.042974928477000726,0.5259289198885801
432.805416,0.043178266158713965,0.5259401120383849
432.850055,0.0434796329435804,0.5260980966039018
432.880389,0.04317154983857959,0.5261494983875017
432.914467,0.043314391251661206,0.5262854902694902
432.942156,0.04321485406496175,0.5264307346071002
432.977587,0.04319387465652459,0.5262128651427863
433.020659,0.04329123946980281,0.5263390559158073
433.048052,0.04323909552960545,0.5262680841228309
433.078256,0.043158880352459995,0.5263828769245406
433.111836,0.04286705855095173,0.525988963687724
433.147785,0.04289518887792676,0.5261518013586742
433.183154,0.04276243899262204,0.5261870917158424
433.224399,0.04282195518709598,0.5262904909783571
433.257363,0.04286361652322773,0.5263628704621174
433.292285,0.042824493769762065,0.52596997025526
433.341331,0.04286865912056963,0.526174197217241
433.378935,0.0427926731906722,0.5258830673836574
433.412955,0.0428514719716383,0.5259580831865502
433.442288,0.04276629460336477,0.525911424040598
433.471234,0.04275636842585799,0.5256539577601965
433.502983,0.04281770579036114,0.525917297209405
433.538974,0.04291258515826092,0.5258175888891738
433.570855,0.043022589965044045,0.5255833378896122
433.600415,0.04284838992691537,0.5257534045006338
433.660906,0.04297765330310216,0.5255384088176343
433.693879,0.043016305094807195,0.5256718326044576
433.727739,0.04288768370260218,0.5256508062186586
433.766714,0.04280089196579251,0.5256719399424317
433.797484,0.042848872268315304,0.5259298847369696
433.8353,0.043245699988684355,0.5260551925874394
433.869096,0.04300456694346359,0.5260837027891128
433.901001,0.042913886443845264,0.5257990146303727
433.936303,0.04280674596652416,0.5257642238574413
433.976685,0.043052395661845995,0.5259443619316847
434.013013,0.043028190445028376,0.5261562713907382
434.054092,0.04310351366578126,0.5258204156407073
434.096504,0.04306906030421464,0.5259142269664852
434.133225,0.0429683044164529,0.5256559198083175
434.172917,0.04306159344577842,0.5254701695330128
434.218178,0.04292262878601588,0.5255454942624797
434.27497,0.042869061237666865,0.5254337485163132
434.313943,0.04309933111495346,0.5257487562169734
434.35658,0.04305777967272797,0.5259836561291488
434.397394,0.04276108408181885,0.5257546775307606
434.443108,0.043020432342552276,0.5259376795030082
434.484321,0.04300581612152277,0.5261515936906647
434.529114,0.042995584766802125,0.5263013336220242
434.579152,0.04303213723750497,0.5262416785171826
434.618005,0.04285830284432679,0.5262500057267983
434.647722,0.04278032536499973,0.5260913795981295
434.680158,0.042766189959002464,0.5257799266504686
434.71299,0.04255697128221099,0.5256120668956844
434.743255,0.042845407107783284,0.525918497142836
434.775349,0.04276805511168544,0.5258234713955235
434.808059,0.042829152059915984,0.5260716480154254
434.849644,0.042868654334201735,0.5262096803880653
434.89669,0.042828020237443865,0.5258627372034236
434.939769,0.042762374130676795,0.5258561259442062
434.984501,0.042821909783734305,0.5260588149382117
435.027084,0.04286358474087456,0.5262006972340156
435.071417,0.042668832991264435,0.5257420796031939
435.104934,0.043123029726365725,0.5259594738992681
435.1407,0.043077634290192186,0.5261668497680466
435.174371,0.0430404204236801,0.5263190223824172
435.207,0.04286410107464938,0.5263041464324625
435.243076,0.04282483295575722,0.5259288634345016
435.273572,0.0430296033390677,0.5261045455773231
435.311196,0.043054904176575065,0.5260089051611909
435.360564,0.043184655103730644,0.5262205310981851
435.400685,0.04312077205434763,0.5263495898072885
435.432505,0.04320913507281469,0.5258705336925861
435.47142,0.043022664687207425,0.5257898969803485
435.511367,0.04320685352963185,0.5259980601417982
435.557366,0.04333247095602138,0.5261080473307345
435.654392,0.0431068529206531,0.5259990539898973
435.695691,0.043265785293043826,0.5261444700484823
435.734634,0.04317429759739123,0.5262606558112051
435.77946,0.04316219942318198,0.5260579399104338
435.819441,0.04303350179973004,0.5257565188690816
435.857963,0.042902964633782015,0.5257459387977278
435.933743,0.04292358872538359,0.5260173751969683
435.977959,0.04298670321277664,0.5258876434804681
436.018642,0.0429106544524463,0.5256373113681057
436.05893,0.04308967838675006,0.5259004591308459
436.094953,0.043250448356004126,0.526039726623068
436.135987,0.04321550495421101,0.5259032894787379
436.180115,0.042874700371391045,0.525734344594879
436.22299,0.04278856039621087,0.5256945646119536
436.260263,0.04268779905542092,0.525867025993138
436.307211,0.04266097271276563,0.5258232937845673
436.345805,0.042595257850320485,0.5259213736271023
436.380074,0.042596193869195324,0.5258613371283424
436.42108,0.042705583600697275,0.5260624627671071
436.458294,0.042788688709286996,0.526274615355432
436.49814,0.04272835223273804,0.5260727541443406
436.549661,0.042798094455177176,0.5262104546783059
436.589082,0.04284691401088457,0.5263068450520816
436.622225,0.04288108769987975,0.5263743183137245
436.656677,0.043107749638502474,0.5264071550751613
436.693851,0.042951694883188875,0.5261655319481512
436.72647,0.043157174666818864,0.5262610046192601
436.761945,0.043297695752052286,0.5262921084649579
436.804974,0.04319663491869715,0.526364002702738
436.84429,0.043125892335348553,0.526414328669184
436.89169,0.04307637252700454,0.5264495568456963
436.927729,0.043053333802069105,0.5263903885968427
436.96838,0.04319286087168397,0.5264633223336468
437.007155,0.043186648982854674,0.5262193150763781
437.042384,0.04305061649150092,0.5258694814852426
437.104743,0.04308436553286023,0.5258129605698669
437.156388,0.04277969418391143,0.5256351906392633
437.193078,0.04283729941047418,0.5259398514860433
437.223695,0.04272191636540523,0.5260387268050007
437.257931,0.0426816115920208,0.5259076321590388
437.297916,0.0426533982506517,0.5258158659068655
437.337672,0.042912905985691786,0.5260611564506628
437.369247,0.04293054767172043,0.5262380275540228
437.393943,0.043142371618790955,0.5263117515433702
437.421768,0.043087908025414214,0.5263777528576266
437.454412,0.04293780575402709,0.5261449503958768
437.487243,0.04279227080589228,0.5261822960418843
437.514126,0.04300680983416224,0.526281948402491
437.541836,0.042993014776174114,0.5263568906590111
437.570161,0.042871380479559025,0.5261303468568461
437.595493,0.043097639820970396,0.5262006480312681
437.622495,0.04294786124865026,0.5260568292112584
437.646474,0.04311572314409283,0.5261941216210528
437.677653,0.04327199444945163,0.5262810173902912
437.707489,0.04318190959635232,0.5263919302117628
437.737442,0.04311558460970717,0.5264338779255013
437.771301,0.04291348617817956,0.5263487825257562
437.795607,0.04306336887759167,0.5265650004768458
437.825406,0.04275640451567907,0.5262811020450653
437.855509,0.04281773105323589,0.5263562982088131
437.887303,0.0428639252190013,0.5264446267847281
437.916812,0.043092421138579994,0.5264206439807855
437.957406,0.04325236828228508,0.5264038560180256
437.988946,0.04320860558023524,0.5262776456447316
438.014572,0.04302229404240181,0.5260748753468504
438.045023,0.04320327931496035,0.5261618179742711
438.074938,0.04302180889444322,0.5260296481713604
438.107873,0.043003514118370806,0.5261802804972198
438.143541,0.042766783555511806,0.5257277878874367
438.18692,0.0425605953923016,0.5256114934809683
438.217022,0.04284463704464877,0.5258823866098498
438.244843,0.043043466201291784,0.5260720118000668
438.276104,0.04322624256571771,0.5260402763764255
438.307156,0.043149883277738575,0.5262234115020568
438.339534,0.04309643177615319,0.5263516060899986
438.373129,0.04310769334831536,0.5261216051055894
438.404601,0.04310733312645644,0.5260800700060262
438.428604,0.04295464656249049,0.5259724245935891
438.457339,0.04284452272998049,0.5258612206110507
438.488179,0.04287941380324689,0.5260623812050029
438.518578,0.043099337064106354,0.5260672592678948
438.552045,0.04294580608111159,0.5259276048830647
438.580617,0.04295031214903866,0.5261088501954128
438.612036,0.04295673198606324,0.5262714131753479
438.64158,0.04296122587198045,0.5263852072613024
438.671133,0.042852371484357304,0.5261860206722824
438.699508,0.04277402652822209,0.5260894875228133
438.72969,0.042718088705992606,0.5259431646615076
438.762977,0.04279090998645537,0.5261197420403227
438.795555,0.042841884882779305,0.5262433462054934
438.824807,0.042721896369330055,0.5262154103217507
438.852695,0.04263790440991558,0.5261958552031307
438.879173,0.04309802248780455,0.5262413719137522
438.908767,0.04299183682891893,0.5259208628722041
438.940237,0.042917506867699,0.5256965065431203
438.973644,0.04286221701089195,0.5255035155119621
439.000443,0.042783065281595346,0.5255688364477441
439.026894,0.04272765907108773,0.5256145611027916
439.05527,0.04268563148599855,0.5256107161674924
439.085329,0.042547488834017454,0.5253651059830009
439.112641,0.0428709156690913,0.5256649794195765
439.147364,0.04309731445364299,0.5258748908251794
439.178363,0.04290069706893464,0.5259574915555307
439.207713,0.0431296267594849,0.5259959107549024
439.25804,0.04297025210561042,0.5259135131178023
439.290959,0.04297068995566347,0.5261346772210206
439.327822,0.04297099645070061,0.5262894920932734
439.35749,0.04289965971899308,0.5259186053970692
439.389833,0.043117435288574237,0.5260524290094243
439.418197,0.043005425789457714,0.5257886028391745
439.444357,0.043090879759144295,0.5255990071368057
439.479607,0.042943129205371994,0.5256356805851347
439.51084,0.04279276739514494,0.5257900443874994
439.54233,0.042843185068862005,0.5260125578485171
439.571241,0.04307790303348249,0.5261181957254377
439.600962,0.04304278001569829,0.5262422637850739
439.630272,0.04290945938495978,0.5260859602389224
439.661142,0.042968569352107536,0.5260551185993593
439.69001,0.04300994632911096,0.5260335294516651
439.721787,0.04303891021301336,0.5260184170482792
439.756504,0.04322305337392281,0.5260027600501742
439.785759,0.04350762676260961,0.5261062053066826
439.814253,0.043343586626087276,0.5262338704919453
439.845454,0.043120024012232076,0.5260800849337324
439.874502,0.04296028694479959,0.5259365828491509
439.900833,0.042804777812744256,0.5260006759723108
439.930757,0.04278330667242363,0.5257164341123954
439.965958,0.04268089162208109,0.5258465718565821
439.995217,0.04276487202771731,0.5260521270768749
440.026799,0.043031226644215576,0.5260263570701912
440.056905,0.04305230327895116,0.5259781879175787
440.089182,0.04291288243150296,0.5258652549378433
440.114181,0.042662864605495406,0.5257077204162528
440.150336,0.04268507719132934,0.5255903294565534
440.187716,0.04276780192619109,0.5258727573968548
440.213311,0.04275742355183641,0.5256268911095763
440.243279,0.0426660032643588,0.525819654541474
440.275091,0.0425987792364357,0.525918826156937
440.304961,0.042762622276556354,0.5258545292276721
440.332532,0.042989362803825044,0.5260882207752273
440.362604,0.042992426995843463,0.5261374533475144
440.394587,0.042982946789350975,0.5262557441205276
440.42851,0.04270870106345495,0.5259451391247256
440.454724,0.04251672905532773,0.5257277156276643
440.481222,0.04265322382046559,0.5260046189779239
440.510779,0.04290947694436356,0.5261575744577187
440.539218,0.04292488175331504,0.5262698288976705
440.570964,0.042826930601291516,0.52610525581774
440.595684,0.0427667131704339,0.5258707321234128
440.626063,0.04271621259327471,0.5258258880757597
440.653218,0.042997165040105756,0.5258679897694105
440.681043,0.043081795882335426,0.5256186185057778
440.709162,0.043048770599370983,0.5259282509926034
440.741766,0.043066087202195374,0.525944722126936
440.773643,0.04296948212899251,0.5257132080214326
440.798677,0.04306571919681865,0.5255462307643863
440.828855,0.043196024296418487,0.5258794034757595
440.860991,0.04285785531840221,0.525681700673388
440.892117,0.042776768859118686,0.52565771386691
440.928708,0.04283198609364363,0.5259199264841045
440.958164,0.042870638157811086,0.5261034753161405
440.98833,0.04290604744863552,0.5261123687392885
441.017494,0.043125221462631515,0.5262237903730561
441.045805,0.043174736730365953,0.5259036384105228
441.0775,0.04316579252230753,0.525843897805182
441.106546,0.04303601696911793,0.5256066893954053
441.133003,0.0432162001269692,0.525869814832338
441.164761,0.04287197839978771,0.525674988622993
441.193206,0.04289863277211194,0.5259320188133625
441.224381,0.04276484971855167,0.5260332439341242
441.256128,0.04267120158105948,0.5261041015186574
441.285739,0.042602418058126174,0.5261179390409654
441.318849,0.042765169451739686,0.525993908246492
441.354223,0.04287909542726915,0.5259070866903605
441.379108,0.04290688028082458,0.5261301787218112
441.412462,0.042966763979212896,0.5260860715373815
441.442669,0.04302021159650039,0.5259716009939832
441.475611,0.04305762492860164,0.5258914716136044
441.510294,0.04304021048318708,0.5259997289343784
441.541248,0.043382993970711575,0.5261398284310973
441.568336,0.04342362298973369,0.526287930217625
441.593977,0.043288049574549764,0.5263967691908964
441.620552,0.04318988259444538,0.526437265210895
441.6511,0.043009187952348905,0.5261866090431647
441.679118,0.04315041410224489,0.5263013468597716
441.708126,0.04309353776383197,0.5263704695791076
441.740591,0.04294498980865336,0.526175704294746
441.768679,0.043113713136095,0.5262773341794942
441.792516,0.04307619993343426,0.526234069943636
441.822078,0.04292961008964113,0.5260443723560835
441.849011,0.043182108261512635,0.525975867654187
441.881356,0.04328631216866656,0.5262088310536859
441.909481,0.04307993189203757,0.5260625573269508
441.939404,0.04304746580616248,0.5262390081674245
441.966869,0.04318544633435138,0.5263216468903692
441.995533,0.04331748591932505,0.5263345580547343
442.02812,0.04314220234703019,0.525950151570092
442.063657,0.04308778953518168,0.5261246328763318
442.097257,0.043093400457262857,0.5260821894455459
442.130014,0.04325305380536308,0.5261669378433579
442.1586,0.04316538555601471,0.5262763832676179
442.185708,0.042836408200119566,0.5259595865276889
442.211126,0.043268401689905166,0.5259453602619176
442.255598,0.043570797132755086,0.5259354018758777
442.280364,0.04339107147466474,0.5261499993516734
442.313578,0.0432652635140015,0.5263002175847303
442.345133,0.043225875564809176,0.5260856331519016
442.372831,0.04303762626933741,0.5259763187957018
442.407087,0.042862145166609494,0.5260642539217617
442.440886,0.043055721886664296,0.5261993189184052
442.472018,0.043027253212925554,0.5262990500201511
442.505788,0.042895347385285026,0.5260898584096441
442.552921,0.0428062565436705,0.5259792764761215
442.583485,0.04269695653195389,0.5260305615111903
442.611257,0.042779383054103906,0.5262166110963922
442.653042,0.04288079603861622,0.5261823727492403
442.682272,0.0427928273632685,0.5260081843200065
442.711901,0.042718374687253605,0.5259346752329584
442.750095,0.042993850529664174,0.5260994049186251
442.779291,0.04287520874473591,0.5259859590324082
442.820043,0.0429092468594829,0.5260301073406758
442.890949,0.042812742937875174,0.5259015985340113
442.913815,0.043218180988719726,0.5260781108942791
442.945843,0.04315259972526973,0.5261303764308507
442.975119,0.043262347017924405,0.5262813138174524
443.00425,0.043059913048784225,0.526077443067755
443.03885,0.04322961261942804,0.5261636153789042
443.079887,0.0431397231047588,0.5262983225933884
443.108868,0.04325333338356675,0.5263988761312287
443.138893,0.0432208101795481,0.5261905642096762
443.181098,0.04303083726192081,0.5260139183423117
443.213015,0.04305353386598025,0.5260046892717318
443.242206,0.04287005065757072,0.5260483504681175
443.275115,0.04282899766380216,0.5257498062594601
443.303638,0.04287181184639769,0.5260200824201811
443.340403,0.04294549619322187,0.5260448026758925
443.374084,0.04283811747149245,0.5259118852686631
443.404616,0.04272248900811802,0.5260191504528346
443.44288,0.042996730554269266,0.5261585375725384
443.47513,0.042920932475444235,0.5258628788333544
443.508603,0.04293616621454714,0.526099233221907
443.544143,0.042987264132818684,0.5260644096874485
443.581577,0.04297933278523363,0.5262046135584814
443.613917,0.042865046323634526,0.5260596050803077
443.64406,0.042828753513999916,0.5257936260887929
443.678099,0.0428767281979677,0.525895474280145
443.708812,0.043104585110868,0.5259689137813035
443.743379,0.04306472305934378,0.5261734576854714
443.792859,0.0432362943901273,0.5262665526353841
443.819806,0.04315691955482529,0.5263818048833279
443.84541,0.04298935706234869,0.5261836390077002
443.87386,0.04297265621395734,0.5263043640320747
443.942615,0.043160269396109174,0.5263388751730993
443.981005,0.04313596903346176,0.5262484847654871
444.014901,0.042963376128112636,0.5260707169180096
444.051475,0.043006311072314535,0.5260444482747203
444.078423,0.04308819810488157,0.5257421394594948
444.108285,0.043047815093962674,0.5260217251664309
444.132071,0.04302171845803442,0.526174734393769
444.160853,0.04300345081288465,0.5262818408529057
444.188334,0.042990663461279804,0.5263568153743015
444.217832,0.0427173113263392,0.5260518127217736
444.249381,0.04263469487982198,0.5260813368831467
444.290276,0.04262379978984637,0.5259733114075734
444.316659,0.042616173226863445,0.5258976935746721
444.352135,0.04288354152884206,0.5260827266754424
444.389398,0.04267356923830792,0.5256840156025887
444.41985,0.042604075418200084,0.5258238788997174
444.455773,0.042599122928977204,0.5257572386253404
444.486196,0.042874913260519634,0.5260201173535952
444.519384,0.043064659552401394,0.5261684233206886
444.555862,0.043036775168417155,0.526313114363041
444.592812,0.042861549395965315,0.5263000108188991
444.624134,0.04305530484721337,0.5263643487464014
444.656523,0.0429149835292865,0.5261355675180193
444.696427,0.04281675860673769,0.5259754206581517
444.724328,0.042958812731240276,0.5257297796100897
444.757964,0.043158842397147276,0.5259202509585386
444.802509,0.04319497003226449,0.5256552013381675
444.827933,0.04297228580065845,0.5258394717014877
444.85712,0.04296884795272146,0.5260471569683088
444.894856,0.04290141465436077,0.5257849124103937
444.925325,0.042807260394289684,0.5257299620828139
444.960137,0.04301730254604043,0.5259653146311417
445.002514,0.04300362526396448,0.5261709382803581
445.027018,0.04283834446284845,0.5262004875610211
445.05896,0.0427663544979649,0.5260567168820854
445.099384,0.04291091006168425,0.5257751713494727
445.136752,0.04281390717941612,0.5257231433401692
445.168642,0.04275249499005737,0.5257584102399281
445.195273,0.04280574076419933,0.5260146789961051
445.231143,0.04274353190891052,0.5259266508866443
445.261392,0.04300814582151644,0.5260580608521268
445.294111,0.04288197221129865,0.5259211659920271
445.335093,0.042952608448652535,0.5259755611761847
445.361984,0.04311904618409442,0.5261372339965013
445.396154,0.04307484581060228,0.5262912818361098
445.430099,0.04310461735020987,0.5261440372465196
445.468644,0.04306148003740746,0.5262603528498312
445.497398,0.04308322713119334,0.5260577278374722
445.531051,0.04293777236580632,0.5259567850756012
445.564652,0.043144114141343504,0.5260791547843966
445.600786,0.04293345685032499,0.5261004763269829
445.633039,0.04294493327696368,0.5262655514674469
445.668377,0.04288141549737723,0.5259018469589908
445.699234,0.04290523874042461,0.526090819648561
445.733453,0.04290208789800227,0.5264183832289377
445.764794,0.042810974902572574,0.5262092438496271
445.79964,0.042747195805771784,0.5260628462841096
445.836271,0.04269930720027739,0.525924515794415
445.868681,0.042821462822829864,0.5259421074882041
445.902932,0.04270760092736545,0.5260045432196481
445.939169,0.042783568541416364,0.5261627070310211
445.972312,0.04271189351195711,0.5260428411306686
446.005684,0.042770102352104905,0.5254622614164375
446.039411,0.04287926275148156,0.5254990638340965
446.073909,0.04284737413654639,0.5254301077854453
446.109536,0.04272573884696702,0.5256461434277169
446.146673,0.04273123828033266,0.5255042029319793
446.174691,0.04280011468849341,0.5258124688296529
446.208121,0.043047753767224466,0.5259781334122329
446.248392,0.042909697773294266,0.5258652167841013
446.277704,0.042925036333566535,0.5260651785261383
446.307296,0.04286748763699923,0.5257615859000748
446.354295,0.0427835114821366,0.5257136335255906
446.379241,0.042836705929756164,0.5259590702451808
446.409204,0.042761964287066453,0.5258518725671649
446.445529,0.04282162289320707,0.5260558375742829
446.478684,0.04302735629528259,0.52619342747517
446.510854,0.043015750144865576,0.526175335250609
446.548653,0.042846831879479214,0.5262035654401968
446.577097,0.0430450025856731,0.5262968369813097
446.620084,0.04322249005855782,0.526352918142471
446.664343,0.043032013177227615,0.526127566095268
446.689699,0.042945630311515076,0.525841198799265
446.721816,0.042953454699796736,0.5260840571980445
446.76206,0.04295566618211826,0.5262183668158986
446.795309,0.04280477310555609,0.5262336875358995
446.826212,0.042695918125273805,0.5262086492530349
446.860686,0.042978130936278315,0.5262911867326786
446.891116,0.043166353639719275,0.5263732280193173
446.928782,0.04327197475803909,0.526451309929379
446.966378,0.04310432521006576,0.5260922812293586
446.999364,0.043515114245323123,0.5258757940937511
447.033104,0.0436356688839748,0.5256932467626136
447.060329,0.04399135698495191,0.5259947601243478
447.102803,0.04463620700173097,0.5260698314805066
447.137065,0.04540318625582021,0.5263871869851613
447.164259,0.046427477167933516,0.5261796638356273
447.208416,0.04730071612876905,0.5261489458372829
447.23978,0.04862113376038846,0.526220498009865
447.272088,0.04958923328125778,0.5261056465576501
447.305832,0.050942094303598126,0.5261996656526414
447.339057,0.05197153918365745,0.5260549613742531
447.380473,0.05309745696876521,0.5258890807863027
447.406781,0.05443962645417305,0.5257510954305693
447.437621,0.055937900640766786,0.5256686677451545
447.473023,0.05734940769646632,0.5257114975592424
447.504398,0.05873520517510024,0.5256047215321312
447.53625,0.06010782163255704,0.5254291630169803
447.573991,0.061628988967729656,0.5253203804757931
447.611321,0.06305797409065081,0.5253449407047746
447.642499,0.06429894946747282,0.5251100052176616
447.673459,0.06584363830996831,0.5251212529485515
447.708912,0.06746568065920766,0.5246866155168974
447.741993,0.0690701236071935,0.5246914134374354
447.775305,0.07075535986025387,0.5245899691349035
447.806173,0.07230244316895285,0.5247388456181721
447.836437,0.0740357701159282,0.5244068068008845
447.869275,0.07552425562577789,0.5246895604549703
447.907619,0.07736943661636254,0.5245298422627845
447.943444,0.07890807911382415,0.5242013528026381
447.983743,0.08035683162250527,0.5241912976755765
448.008475,0.08188650353816038,0.5243281327781922
448.044878,0.08336437509305099,0.5243224404422931
448.077195,0.08485049988918278,0.524050503126576
448.111344,0.08626078680420857,0.5239615523877303
448.141555,0.08791874776964842,0.5240402280135743
448.18107,0.08928914965669137,0.5241632502467091
448.21597,0.09076623589829479,0.5243113427195408
448.245654,0.09205524081712078,0.5243163200401684
448.277225,0.09369416602758147,0.5244863335816456
448.311065,0.09561634856279,0.5245686862041429
448.340897,0.0976488705324204,0.5249234502731673
448.375596,0.09932132945388057,0.5249539897494752
448.408117,0.10073419382324465,0.5247208615101642
448.439958,0.10225041388576679,0.5247389533092663
448.479902,0.10372284104798055,0.5246496578632851
448.51177,0.10533409302693278,0.5246379520898403
448.540147,0.10661529565536149,0.5247094017747779
448.605403,0.10849761685012,0.5246715831496931
448.643497,0.1103002633074398,0.5249943337258728
448.673366,0.11211599645948733,0.5252641579500756
448.711193,0.11393406407590137,0.52552311208788
448.741773,0.11566925611683526,0.5255170366253497
448.778954,0.11725304073703446,0.5255783012271155
448.826393,0.11889350272842755,0.5258034336102168
448.859912,0.12041154851853805,0.5260266688736788
448.890634,0.12209629213052958,0.5260295112024503
448.921892,0.12360118812984802,0.5262651927633613
448.957026,0.1251146812306504,0.5261597674245109
448.988206,0.12671737654474002,0.5263050346382587
449.024396,0.12819255042499933,0.5266050263410499
449.055082,0.1298250571280583,0.5264605397895955
449.091195,0.13163675027816543,0.5260382136147408
449.124494,0.13321288884093696,0.5260937579779656
449.159185,0.13454295319604112,0.5262001234110377
449.194013,0.1363542008956379,0.5263681704274145
449.225037,0.13785014698824033,0.5265534307688403
449.264648,0.13917082751735568,0.5265820294907639
449.30115,0.14053356790007315,0.527040160616603
449.336948,0.14210530619246575,0.5271706122599606
449.36795,0.14362451980805366,0.5271591998050407
449.397603,0.1452824764967678,0.5272024055159943
449.430748,0.1470276962185405,0.5272473837818502
449.463865,0.14850448621562634,0.5276636582732259
449.492837,0.1500334286419159,0.5277026009047072
449.539807,0.15159936056627077,0.5280828573344973
449.563522,0.15327094956502585,0.5283277937399525
449.597574,0.155039051423328,0.528550497297349
449.627609,0.15683964687079172,0.5286023200777488
449.6725,0.15865624207499607,0.5289059943814199
449.701627,0.1600686433987825,0.5291172431708757
449.735502,0.1617616813534405,0.5290604468942651
449.763327,0.16354776132183613,0.5290720448625761
449.799513,0.16525885210091013,0.5292790939423317
449.834402,0.16674055876292682,0.5293220685928078
449.903823,0.1688808074133647,0.5297583982255367
449.937601,0.1705510541176733,0.5298568160766776
449.972987,0.17229497055840048,0.5302304969235352
450.006118,0.17431384359242605,0.5304955603880548
450.035282,0.1757463532101061,0.5306774391275648
450.063151,0.17720794202761472,0.5304952452062968
450.10311,0.17891634519213073,0.5305524957811417
450.174329,0.18095048477967124,0.5306757733071752
450.234496,0.18342850851519582,0.5313047499846851
450.278842,0.18549975577247713,0.5319830350055302
450.314351,0.18750911530133882,0.5325238347432816
450.358233,0.1894266680220143,0.5325780618456266
450.388308,0.19146893101310364,0.5328375891632917
450.418374,0.19322472983760577,0.5335483687173285
450.45363,0.19495889367574512,0.5340771889622679
450.481576,0.19660216744084993,0.5343441517308324
450.513778,0.19795675399639096,0.534770779391972
450.542206,0.19945891674276706,0.5352567799951568
450.572379,0.20090882811090904,0.5357000845319185
450.607717,0.20252447806993215,0.5360267055384623
450.63755,0.2042429441038704,0.5362364574915781
450.697902,0.20638801859585,0.5366392381243537
450.738262,0.2082518924746641,0.5369037323273063
450.769598,0.20998147503848968,0.5372777415468084
450.803738,0.2114323657097545,0.5373190346566489
450.871719,0.21352617908909804,0.5378584893788253
450.905402,0.21533371387498002,0.53847646937487
450.936765,0.2172185025116155,0.5389605895479742
450.973079,0.21912917435668355,0.5392816280385013
451.006587,0.22082396406284682,0.5397816569151589
451.039237,0.22221327961331802,0.5400453994055068
451.074648,0.2238869165240957,0.5407463265027237
451.107792,0.22515061859304342,0.5408926692402305
451.140489,0.22653598740508402,0.5413223207749087
451.176078,0.22791056243943345,0.54172630613347
451.210679,0.22926308448967353,0.5420780644189325
451.243925,0.23072655961016725,0.5426864470799471
451.275304,0.23200070138345097,0.5428540539773099
451.308674,0.23359463307161085,0.5426434519313031
451.344474,0.23515249823559586,0.542943691183684
451.377532,0.23650681251804515,0.5432239894853933
451.422397,0.23814648034338493,0.5439041939726306
451.451469,0.23962512065485153,0.5445889056866946
451.478243,0.24111441885094367,0.544998537977726
451.510869,0.24258414984010024,0.5456992884835934
451.552628,0.24395638710442835,0.545881198868447
451.579356,0.2456268445087329,0.5465276151078
451.609647,0.24736393916636693,0.5471714016222893
451.642018,0.24870741764327875,0.5479167911903815
451.681121,0.2500886646880179,0.5483353167223661
451.713842,0.25162440732930386,0.5488199552509596
451.744373,0.25304800706177943,0.5494026752739536
451.775996,0.25448627775856847,0.5497073321243694
451.8134,0.25614142869079404,0.5502845855643748
451.846661,0.2578080536714693,0.5510218827389954
451.883208,0.25929295313895245,0.551436478090713
451.914725,0.26065178915638076,0.5521771986630565
451.952155,0.26180858357096554,0.5526117678029243
451.985644,0.2633657103810846,0.5532312866926226
452.019666,0.26531347853182724,0.553664771101477
452.053219,0.2668058679060864,0.5542645942838208
452.088526,0.2685937090605208,0.5547019942770254
452.153194,0.26996460981396797,0.5555716706235106
452.186551,0.2716086059715308,0.5560575631303813
452.216237,0.27298938482345836,0.5566452021330852
452.246772,0.2745787210716723,0.5570762189677537
452.279777,0.2758131986079358,0.5573758922731704
452.310987,0.27743015742822685,0.5579027543367027
452.338083,0.27896221418745254,0.558343011829332
452.36775,0.28068607308166077,0.5590181003860164
452.396807,0.28199566384541785,0.5594414170181821
452.436374,0.28347374584547136,0.5599014964617539
452.466017,0.28486948222309366,0.5602009499909554
452.496069,0.2864250412312449,0.5606055640567791
452.52497,0.2875076919306428,0.5611583916716393
452.554629,0.2888450565592823,0.5617408861578337
452.592878,0.2901064654051725,0.5626013176543099
452.625074,0.29148597318943587,0.5629257428479003
452.664209,0.29280750413051615,0.5634000686290129
452.696706,0.2940717321785088,0.5639492125548506
452.730467,0.2955552535758671,0.5645600453879743
452.764969,0.2967249858632067,0.5652867483205017
452.836851,0.2984699562964902,0.5659377762649944
452.863633,0.2998834191803779,0.5668198061269664
452.899776,0.3013074683478725,0.5673048689561586
452.92959,0.3027938953173037,0.5681929246801387
452.964088,0.3042395955117855,0.568887609179097
452.997553,0.30543072144733063,0.5694983249452653
453.031564,0.3066700953680509,0.569998978762116
453.071943,0.30773413786359266,0.5705030197221043
453.1035,0.30908697969066445,0.5714017136914136
453.136501,0.3106827863896205,0.5723571527814687
453.163439,0.31212605239858426,0.5729426507325047
453.200887,0.3128953868283544,0.5739124908963593
453.23447,0.3142008449528217,0.5749149964694009
453.267913,0.3155049717550993,0.5756627234330454
453.303737,0.31650123251357315,0.5763604580121711
453.336868,0.3176559674443309,0.5770500557750694
453.374215,0.31920324836085767,0.5780613481989664
453.406789,0.32051432382799555,0.5787182372802311
453.439358,0.32195700284059997,0.5795270686741342
453.476725,0.3231649414037795,0.5802458325800268
453.50783,0.3245058934623591,0.5813021461013831
453.540436,0.3255781607343966,0.5823437789967372
453.571829,0.3267384999553313,0.5831477735363939
453.606814,0.32773197427312184,0.5838363474355587
453.642679,0.3287262312019244,0.584624335569393
453.672621,0.3297842466842197,0.5855243462141115
453.710148,0.3310193227537218,0.5864267945757539
453.739447,0.332182969129624,0.5872472644179783
453.774527,0.3333116261497929,0.5880469525089667
453.826264,0.3341011496221081,0.5887026678484244
453.852267,0.3353340510809957,0.5898439510338598
453.881694,0.3363145270942824,0.5909216917128528
453.911519,0.33756451758736605,0.5920804263750529
453.947086,0.33878720568712517,0.5931206191698581
453.979342,0.3400906318124848,0.5942970048967906
454.051783,0.34155571714914856,0.59578864893404
454.077786,0.34271638869359006,0.5971374271786327
454.147545,0.3443959096608533,0.5988955150975068
454.182924,0.34585015750692105,0.5998982067558463
454.226541,0.34737016006048593,0.6011601898031738
454.291618,0.34883449942484746,0.6026682644158715
454.361964,0.35064842829536075,0.60434887134523
454.397496,0.3521827337205556,0.6058439605081435
454.431993,0.3532900158506734,0.6075325722347745
454.460985,0.35461643246407026,0.6090988179441028
454.49835,0.3559506171476473,0.6101767899867905
454.52386,0.35729499593100356,0.6116187669430085
454.563688,0.3586047754119335,0.6128848560964799
454.602338,0.3597694392801671,0.614068021160465
454.633339,0.36076912373909786,0.6150246608728875
454.658012,0.3616145646912515,0.6162986103626387
454.730952,0.3626685716152054,0.6177399417512226
454.764947,0.36382015190600386,0.6190221014148817
454.800796,0.3645302618489198,0.6202767046062925
454.833811,0.3652434890927744,0.6216479347386106
454.937159,0.3661866805775275,0.6230062111583055
454.969638,0.3669840023196059,0.6242647434330673
455.00417,0.3680498428834897,0.6257122700949196
455.043962,0.3689332067355906,0.6270335994042733
455.111185,0.3693235915471888,0.6283377227499529
455.139456,0.36985021343815755,0.6295207254211218
455.204222,0.3707006539671808,0.6305958050970313
455.242083,0.37164593696976034,0.6321082843282673
455.298564,0.37259838652878036,0.6338000389990406
455.343248,0.37338739206978,0.6352784340719418
455.375977,0.37431161105048477,0.6365737531183189
455.407526,0.3750635191757309,0.6379831581829605
455.445326,0.37577592864346293,0.6391000255607597
455.474963,0.37641252551772447,0.6401911987129969
455.509741,0.37694784533986225,0.6414435217067486
455.543842,0.37759857746368786,0.6429393983383397
455.577332,0.3780058280694911,0.6441656298984679
455.6201,0.37856707267442347,0.6456436895613585
455.644741,0.3793180724455446,0.6469278304079473
455.680118,0.37979551934515143,0.6480060793766885
455.709365,0.38031464366436296,0.6487960263556893
455.787044,0.3809983043255826,0.6507355124877551
455.812135,0.3819609697528376,0.6523392365166207
455.854326,0.382940759371458,0.6541039641749921
455.911471,0.38396603671463025,0.6560996261473937
455.96052,0.38482247258649455,0.6578077794179827
456.013728,0.3862188083509438,0.6596834445740637
456.055595,0.3870376890704913,0.6611942678016522
456.092246,0.3879992715581375,0.6628571292286584
456.162937,0.38922952775606334,0.6649361946550834
456.215507,0.39040413215869835,0.6668290087439099
456.253828,0.39147024850626705,0.6689657938679293
456.291791,0.39221652994956513,0.6704615434547428
456.322724,0.3929749881752745,0.671794867155762
456.353762,0.3941127766042839,0.6737996289595644
456.391127,0.3950493024000449,0.6751819158221558
456.419917,0.39583143495979367,0.6764574878650598
456.466042,0.39656730823143044,0.6774835331505918
456.494299,0.3974216384956897,0.6789881885336307
456.525279,0.39839844229705756,0.6803076833685763
456.562975,0.39917376663308674,0.6817253211280077
456.590115,0.39984415787671934,0.6826927230157711
456.626379,0.40057588589936943,0.6836653943636795
456.660554,0.4013044424943657,0.6851514634534861
456.721881,0.4024276119137577,0.6869325200648706
456.758297,0.40325877538972493,0.688334720527343
456.802238,0.4041252884284394,0.6896092474824671
456.82956,0.4049574392150855,0.690452975656245
456.889584,0.40634120106475663,0.692257517415243
456.927704,0.4074507397397754,0.6938360707825127
456.957775,0.4085093795646308,0.6955721282766254
456.993122,0.409509376841024,0.69698170350633
457.026601,0.4102813386023688,0.6982245392466521
457.066479,0.4112016288608763,0.6993642114406282
457.093346,0.4122855891505198,0.7005876843098618
457.131551,0.41314314711128886,0.7019396802559169
457.160344,0.41407465473437954,0.7033369031093786
457.203849,0.4148028401030823,0.7044779658893335
457.22829,0.4153240675971515,0.7052749038145653
457.273024,0.416341642406774,0.7067387390418844
457.33817,0.4176961818407324,0.7083216450411873
457.363588,0.41902581426990454,0.7097007432837444
457.395468,0.42004958491965827,0.7111641803862065
457.426176,0.42088737081499183,0.7121740487850693
457.461211,0.4216268677881151,0.7131944532539338
457.49192,0.4224668903708013,0.7143663927656534
457.529991,0.4235797966015027,0.7157769258141007
457.554868,0.4243098270042916,0.716946009668076
457.591336,0.4252290357948269,0.7178502348171221
457.625675,0.4260002087414908,0.7189826197400273
457.706877,0.4271981008452627,0.7206908344112045
457.730497,0.4282878588956313,0.7218350326237623
457.761113,0.4291831638341349,0.7229610014609773
457.791949,0.4303004175571244,0.7239932785487766
457.828894,0.43132112235857534,0.7251940924961979
457.860191,0.4324672010314806,0.7264680178292324
457.902587,0.433173093273306,0.7273822424739014
457.928048,0.4340419313826609,0.7283041535368151
457.962744,0.4347662130060706,0.728911350268663
457.996072,0.43569524679025406,0.7299602340350337
458.025816,0.43648893451102844,0.7310138858837735
458.063291,0.4371407535750249,0.7317292871314283
458.104481,0.43812498400161715,0.7328144855863448
458.12969,0.4391441162892683,0.733708360125285
458.168958,0.44005052065133576,0.7344717769133677
458.269583,0.44160172016119625,0.7358779938832264
458.295487,0.44294729599840404,0.7372302017878233
458.338393,0.4440824790660627,0.7383145055760459
458.366382,0.44539167113153744,0.7392583939545017
458.404022,0.44635377465619663,0.7406058507342004
458.431681,0.4472209920213005,0.7416874367023709
458.469238,0.44831448960381415,0.7423556048291565
458.503643,0.44966202197128896,0.7432388145757068
458.529825,0.45055588833846705,0.7440400595786814
458.570522,0.4518185479109549,0.7451666447247912
458.6132,0.45284243880366726,0.7459443109142874
458.639597,0.4537126563097915,0.7467978107765978
458.672858,0.45470616911591255,0.7475783840303585
458.708307,0.455596150818654,0.748263705853569
458.738612,0.4563688231549975,0.7491597993758949
458.773773,0.4572495654354116,0.7502482259781502
458.811259,0.45829713390178817,0.7511191653368811
458.84337,0.45917587908243274,0.752051528395271
458.874241,0.4599940975754916,0.7528291019506643
458.90302,0.46081151268627457,0.7533293794488084
458.945049,0.4618700503430997,0.7544644059366603
458.980365,0.4630435418472254,0.7553697533546521
459.006537,0.46401087124843343,0.7563268457846883
459.045965,0.4651288049994832,0.757092672635906
459.073152,0.4660574138467757,0.7579523510087083
459.115079,0.467200608870752,0.758798278415599
459.152067,0.46814479060466796,0.7593823094478039
459.175436,0.4691976958438455,0.760071225317076
459.214524,0.47008849161339694,0.7608608118158864
459.241779,0.4709081538938584,0.7615535873198112
459.280944,0.47186708270472005,0.7623358977453429
459.311112,0.47288845949643055,0.7633308002185387
459.34815,0.4740390765795235,0.7641415834607774
459.378018,0.47509881771508716,0.764979140771177
459.415166,0.47614038230809275,0.7658650157540268
459.445258,0.4773493873008379,0.7667658124747333
459.480938,0.4781523015945953,0.7672309315271894
459.547614,0.47944580682067683,0.7683225716399554
459.573926,0.48059831875129566,0.7690432500514569
459.681058,0.482539821389266,0.7705791058313078
459.719294,0.4840965430995461,0.7717955215295015
459.75169,0.4853402339162871,0.7729526949389676
459.789248,0.4868542615492852,0.7740021839464435
459.85336,0.48845221248704174,0.775367127488783
459.889716,0.48976896656758173,0.776464333774161
459.9179,0.4910429846966724,0.7776791805516263
459.961072,0.4921775015400968,0.7785082586748804
460.025512,0.49351719782203296,0.7796996205747508
460.053652,0.4944049262584736,0.7807186642080812
460.128889,0.49587142869900097,0.7818156221661158
460.192184,0.4976526109730134,0.7829845187472533
460.292963,0.4997430648255796,0.7845174656495512
460.326825,0.5015681588743046,0.7852813234259229
460.429093,0.5035319947069625,0.7866530161331772
460.458277,0.5053565756485877,0.7877132831872975
460.499106,0.5067330955668501,0.7889693277282548
460.556865,0.5081424784106958,0.7899740862888218
460.618195,0.5099300970643822,0.7912502834826196
460.651373,0.5112804215160056,0.7920763517161845
460.681667,0.5127268640900583,0.7925696449794816
460.711905,0.5137006964379004,0.7933270627382311
460.740902,0.5146229911114192,0.7941710020985244
460.769486,0.5161261353677303,0.7951233393073307
460.799762,0.5171278929362747,0.7959759239638009
460.840831,0.5180804998631315,0.7965303364395013
460.86902,0.5193505535193806,0.797349384635611
460.906341,0.5201891119050948,0.7981087921529476
460.933818,0.5212290742335297,0.7987418543228134
460.975214,0.5224572798447116,0.7991278310269154
461.047912,0.52372366454059,0.7996583499267722
461.083993,0.5250640529999919,0.8001314046411232
461.121958,0.5262007726258885,0.800634615590171
461.154199,0.527349830579638,0.8014620076407961
461.181076,0.5286088949822542,0.8021433205955207
461.211653,0.5295912878183732,0.8031380669362431
461.248363,0.5304306327827519,0.8041656600694815
461.27707,0.5315746432214401,0.8046139291010967
461.3148,0.5325301067003205,0.8052296626327307
461.381666,0.5340573095458763,0.806082426650376
461.419219,0.5353798381710659,0.8066372865439808
461.453153,0.5362549502211041,0.8072126563192357
461.479399,0.5376196915894805,0.8077890434921448
461.519638,0.5385725607964438,0.8082227877122625
461.556802,0.5394056337421267,0.8084980666577543
461.587379,0.5403443384311188,0.8091676586824464
461.628659,0.5414080188372843,0.809926534470962
461.656805,0.542658960420825,0.8104048722425427
461.69156,0.5436366865230168,0.8112596996036696
461.71763,0.5446263122990523,0.8116288214112588
461.758454,0.5457266388241804,0.8121781548291135
461.786884,0.5467007689210821,0.8127082248827597
461.82548,0.5478300166898106,0.813480818491235
461.851856,0.548773608499884,0.8143543173419815
461.892242,0.5493981096405621,0.8147913514259623
461.921347,0.5505480127812609,0.8151917069234665
461.954461,0.5513020366526473,0.8156594064190736
461.986069,0.5524926629729847,0.8162695008961683
462.029906,0.5535307003008769,0.8168425864889053
462.060244,0.5544620147410246,0.8173898016253788
462.104272,0.5553696030124275,0.8177311349300319
462.128178,0.5561588020742907,0.818304074791217
462.160841,0.5569670883948288,0.8186634511659552
462.190839,0.557840967346656,0.8195834389961766
462.232629,0.5589139331565294,0.8203322690870269
462.26662,0.5599220006098544,0.8207806688052548
462.294942,0.5608329083423949,0.8212408899318667
462.329282,0.5618812793623204,0.8218558704193477
462.360671,0.5629732318611498,0.8219030690923562
462.395709,0.5638921832565554,0.8222709193740945
462.466115,0.5651527685788136,0.8229686008334419
462.497429,0.5664470762021147,0.8237506797421159
462.534215,0.5676104763154945,0.8242213701561816
462.596039,0.5688881275359127,0.8246916157751291
462.66795,0.5706553099664383,0.8255291199608947
462.712813,0.5718449698566033,0.8261594147629552
462.74224,0.5731422724997046,0.8267424563371051
462.775252,0.5745151396465827,0.8272564969323114
462.803842,0.5758899757376085,0.8279111001196925
462.874312,0.5772659218686361,0.8286274402650591
462.899682,0.5782809044385232,0.8289768686412451
462.970944,0.5798718362872793,0.8296229415499243
463.022485,0.5816594740626708,0.8303293765936445
463.046239,0.5829108205054448,0.8308238811242487
463.072894,0.5837617827087613,0.8311582504573993
463.103162,0.5850057640513758,0.8318477301999402
463.150246,0.5861358311959789,0.8322891315264632
463.180167,0.5876012570691188,0.832814888587613
463.209768,0.5888352124812658,0.8333308870610727
463.238275,0.5894406666602412,0.8337715151421221
463.311955,0.590800682820082,0.8342939950782453
463.343825,0.5922182004472019,0.8346896466047442
463.381369,0.593629298664558,0.8353016821048271
463.444256,0.595398287614385,0.8356067611029872
463.482385,0.5966378494581975,0.8359963766014367
463.512859,0.5979242355760911,0.8364289849890324
463.554431,0.5990854702190445,0.8366906657740609
463.579514,0.6002633652346452,0.8373214493639862
463.620304,0.6012994286298735,0.8379513962381399
463.688282,0.6025447712159144,0.8382705152351977
463.721279,0.6036261346013537,0.8386426359637107
463.791549,0.6051181394109958,0.8390097829854952
463.820224,0.6063208825165911,0.8396059244085874
463.893338,0.608253961080553,0.8400210955189336
463.921803,0.6092497206647886,0.8403809162887601
463.986626,0.6111852713270768,0.8409853940247364
464.021498,0.6127715241403032,0.8411902860330747
464.097183,0.6142517777327154,0.8418230168888017
464.127612,0.6160763458838481,0.8421429223823875
464.157865,0.6175647049646866,0.8425164340839615
464.188929,0.6189446934710845,0.8426883064939659
464.22225,0.620046959524913,0.8430068503085628
464.283592,0.621553327981526,0.8432562239154873
464.312498,0.6230829302874465,0.8435394685496179
464.381909,0.6248870930160166,0.843772984019965
464.420861,0.6261039623379268,0.8441597298090011
464.4881,0.6276996547114541,0.8445402614983961
464.513961,0.629241286704161,0.8451068622767062
464.58728,0.6311139695768085,0.8453805661230674
464.61159,0.6324452860203553,0.8457145841142111
464.687096,0.6341842484606324,0.8463948951020241
464.758302,0.6361685803029052,0.8469521870313168
464.785535,0.6378750252073186,0.8471098690299845
464.852703,0.639496258213284,0.847521404857244
464.888711,0.6408399938741461,0.8479170901620032
464.952922,0.6424734591880833,0.8484543693195332
464.989465,0.6441488384810663,0.8487487467618171
465.018761,0.6455925965036257,0.8489571355525621
465.091429,0.6476283674049091,0.8492307166179793
465.160053,0.6490416053161421,0.8493226061209582
465.188508,0.6500308718540051,0.8493869287730436
465.294601,0.6524928295990273,0.850449316508852
465.332005,0.6540481149222762,0.8508054623654462
465.394219,0.6559387951440033,0.8509321517502947
465.426866,0.6577654358290128,0.8513185416389484
465.463095,0.6589711997488881,0.8515937888930523
465.530458,0.660743421863101,0.8523427342392204
465.557506,0.6620887801899586,0.8524827784808514
465.594409,0.6632379551825773,0.8526333986280785
465.637631,0.6648021223215754,0.8529075615595676
465.727154,0.6665904261120107,0.853263322819633
465.763543,0.6683335121684831,0.8537218183443485
465.795294,0.6693836203564697,0.8535996642823891
465.863729,0.6709779506866778,0.8540766514322273
465.896913,0.6729084436258923,0.8543332232919115
465.936707,0.6742005118641133,0.85466045237787
465.968437,0.6753811556338283,0.8548940188491861
466.005872,0.6769950313138275,0.855001081701434
466.037321,0.6780721908745284,0.8552688407633914
466.067748,0.6790649906949182,0.8555426571184346
466.137311,0.6805276166706469,0.855949101983484
466.173302,0.6816040440317422,0.8560404943399462
466.202212,0.6828282172224422,0.8560260948420546
466.25642,0.6841205325046231,0.856320696256229
466.344135,0.6860627747002577,0.8566028774054528
466.373896,0.6873796434696847,0.8570582002590275
466.439083,0.6885548130718304,0.8572256675494832
466.47602,0.6899196671677831,0.8572612303289955
466.509199,0.6910934683743359,0.8574387598489949
466.615576,0.6923910246237386,0.8576763091403902
466.642707,0.6938115801573781,0.8579996638042791
466.75322,0.6958935869050713,0.8580624688446663
466.785389,0.6972980984666828,0.8583004097288944
466.819642,0.6986126166615106,0.8583773468039699
466.847128,0.6994735741042348,0.8584799474350201
466.875352,0.7005679111079649,0.8586640272647252
466.909191,0.7018259714322679,0.858905231940456
466.985295,0.7030904914134914,0.858790476313626
467.011441,0.7039227801199677,0.858904160493589
467.050154,0.7051382404908682,0.8592859707313611
467.118724,0.7062833368422191,0.859524645549703
467.151457,0.707402388428561,0.8594096747039297
467.178355,0.7084058266107622,0.8594824744163927
467.243522,0.7095575927552649,0.8598874858050827
467.28474,0.710638415733968,0.8601431166848041
467.31193,0.7114480995575551,0.8601276696726032
467.385744,0.7129494313804282,0.8605238551599823
467.429474,0.7141065433706424,0.8604118891847261
467.493662,0.7156325464010146,0.8606001066967337
467.555578,0.7171868542027409,0.8607972512109221
467.627365,0.7187801084353879,0.8610958451652724
467.661243,0.7198953863982407,0.8613048609333176
467.728274,0.721280096560998,0.8613209417825795
467.755896,0.7226925124855819,0.8616401696161528
467.790296,0.7241139154724664,0.8619773726432789
467.821886,0.7249403833115766,0.8618645308950035
467.894256,0.7262478815650213,0.8621007191118539
468.004531,0.7276507201785533,0.8623312464241045
468.034979,0.729183615058291,0.8625575250008404
468.071261,0.7307649200824295,0.8628776929709403
468.100931,0.7318725309736706,0.8629549149029614
468.145618,0.7328601643817647,0.8631150426812184
468.179289,0.7339969153964436,0.8635358901463994
468.207175,0.734803226891631,0.8638792459319168
468.244748,0.7356973063075859,0.8638831850792064
468.280524,0.7364821096049768,0.8641872439616487
468.310989,0.7378611506870305,0.8642775261087711
468.34641,0.7388372798061014,0.8643894861716475
468.375118,0.7395205701894509,0.864467858215661
468.412059,0.740211340174562,0.8646285586141982
468.438075,0.7407460199493571,0.8646926260797585
468.480509,0.7418563475895804,0.8649138196076833
468.511547,0.7426347928724902,0.8650627363360046
468.553581,0.7433387238023232,0.8654683331693492
468.58033,0.7441734571026053,0.8655649612378773
468.608057,0.7452478099998237,0.8656974030556467
468.657755,0.7460111759499192,0.8658394292111725
468.68807,0.7465377894716299,0.8657421343108884
468.721738,0.7476936651640916,0.8659440726843088
468.747358,0.7487806550027578,0.8660445169175293
468.787019,0.7494763880921557,0.8662613301371771
468.815262,0.7502067312565652,0.8665109106130069
468.844869,0.7509959019697751,0.8666448116062746
468.896938,0.752012987358762,0.8668980800937678
468.925237,0.7528323070172221,0.8666834257723635
469.001517,0.7539344941749796,0.866856910375478
469.054945,0.7551493049286044,0.8670913242413654
469.088051,0.7561709583238329,0.8676069800237654
469.142567,0.757402458817253,0.8681330558584021
469.166253,0.7585435483071631,0.8684604678400476
469.196664,0.759900711104214,0.8686079561406059
469.226942,0.761009958870667,0.8690128391768115
469.299625,0.7620247912816409,0.869502858921876
469.32545,0.7632405736733021,0.8699609931543402
469.350544,0.7643713399849313,0.8702408996586454
469.418175,0.7656688483116413,0.8705520619109388
469.457447,0.7665343139658539,0.870726834973552
469.499747,0.7677430826289573,0.8708105880703536
469.525822,0.7687484723830404,0.8711708207011426
469.560862,0.7694633495562203,0.8711832119381571
469.595714,0.7705133303232042,0.871350189780126
469.625327,0.7717151285170449,0.8718310500328252
469.658826,0.7726010728549215,0.8721187465986765
469.690655,0.7735017393102126,0.8722794540247132
469.730182,0.7745416539757364,0.872753618286507
469.759311,0.7753096843256789,0.8728364812220332
469.800306,0.7765825348244078,0.8731664433896182
469.830873,0.7771383613350169,0.8736351500326143
469.864107,0.7780898633600795,0.8738819379867734
469.943016,0.7794716175497637,0.8742991282029087
469.969705,0.7804738393694903,0.8746718064385844
470.037239,0.7816848891863745,0.8750488208539023
470.064541,0.7827458060306971,0.875416603959075
470.104565,0.7840672148829564,0.8756457280054986
470.133592,0.7849499294654633,0.8758553423141151
470.168499,0.7859316445039981,0.8756618072945173
470.210447,0.7867536707374543,0.8761313854903783
470.236892,0.7879480714159371,0.8761810153201781
470.30594,0.7891718562632811,0.8766742887728307
470.342309,0.7903265706035503,0.8770325263185328
470.414718,0.7913481956653898,0.8773868616312859
470.4427,0.7928582684351179,0.8777109101536951
470.470959,0.7942142426279406,0.8779509227063413
470.510036,0.7951477604622695,0.8780651442617484
470.541624,0.7955179637929337,0.8781857079950188
470.576523,0.7968564806761717,0.8783055792928784
470.612501,0.7975655262537462,0.8784347827709451
470.63881,0.7983452603625619,0.8784846702052865
470.720063,0.7998079069242034,0.8789466169658899
470.747881,0.8008317595173525,0.8792699796983123
470.851781,0.8023465923284218,0.8795727944493258
470.880632,0.8036918437749452,0.8799477179133867
470.911469,0.8048765100428675,0.8800586910544617
470.954276,0.8055970575583429,0.8805323020665992
470.979955,0.8069964403232649,0.8808541201784614
471.034742,0.8084913500174383,0.8809927753869775
471.075995,0.8097682422019193,0.8814520037755229
471.106249,0.8109489021631086,0.8815717794109781
471.147472,0.8119519071333013,0.8820125349687118
471.184502,0.8132231396026096,0.8821966272422278
471.210615,0.8143071048568364,0.8827381049871467
471.248305,0.8152971227146658,0.8832755685544029
471.344775,0.8167389006837438,0.8839283824450979
471.375098,0.8180887679255963,0.8841458130221611
471.419805,0.8188914285101366,0.8846276042698553
471.480027,0.8200590410032382,0.8849525557445597
471.510341,0.821089962992962,0.8852821602961398
471.609593,0.8228674510237843,0.8858062992670818
471.745908,0.8248635515950212,0.8864507872983891
471.776457,0.8265480508175952,0.8868615169711465
471.851377,0.8281714277304435,0.8876164652477987
471.876525,0.8298301607157843,0.8880569525857668
471.911652,0.8311889883727073,0.8887819838335047
471.97942,0.8321758947566318,0.8890723183022886
472.020495,0.8336751112596806,0.8893138007309898
472.08284,0.8349578434705367,0.889642108002385
472.110608,0.8358009316658715,0.8900715152058565
472.159283,0.8369127472932157,0.8904912618541214
472.191285,0.8380342873420826,0.8905451519708281
472.253308,0.8390105174720841,0.8909441686068287
472.280455,0.8404927476960808,0.89130047753215
472.318882,0.8414753950936469,0.8917497362328779
472.353183,0.8424727394294749,0.8920830285492785
472.419497,0.8440686873474128,0.8921451545914285
472.451089,0.8448662925079349,0.8922793014856369
472.486208,0.8456382272462466,0.8924740196077559
472.556375,0.846778251973221,0.8925889182653003
472.589389,0.8477926699054246,0.8928150449192702
472.662051,0.8487347020121816,0.8930883466996079
472.691644,0.8499693152694585,0.8934084039785591
472.760179,0.8513079379173196,0.8937433623572875
472.793159,0.8518816596190585,0.8942046050539098
472.822701,0.8531863288228032,0.8944440045970019
472.871681,0.8539852993986032,0.8949921360921993
472.902548,0.855115174066098,0.8952924472012613
472.937928,0.8561415485220651,0.8956629895511216
472.964342,0.8572007227117071,0.8958918098946473
473.023774,0.858495985043245,0.8960225155987385
473.061965,0.8594026686753216,0.8961140095916023
473.096798,0.8601958478891618,0.8964787846613567
473.122508,0.8607235538743572,0.8967851964698283
473.16312,0.8619119158832078,0.8970800079550578
473.19191,0.8627707344306996,0.8972353782606486
473.231882,0.8633394169220769,0.8976059747185959
473.295653,0.8645834276265512,0.8978950574708637
473.330201,0.8657747769783561,0.8979072467782954
473.368851,0.8668714349569318,0.898025875032862
473.396783,0.8678267607660101,0.8982594940251549
473.4338,0.8688107377985819,0.8984442704151578
473.469979,0.869736521709938,0.8987347431243811
473.499682,0.8706216598434104,0.899099256901239
473.603325,0.8723009973186251,0.8995968703585926
473.672044,0.873824666400015,0.8997036400348587
473.707169,0.8750628246083674,0.9000161298153251
473.739663,0.8764711806426815,0.9004815107212676
473.804547,0.8778368485446035,0.9003021101095625
473.830184,0.8789752956959288,0.9005393252727234
473.907715,0.8803269252889232,0.9007757749328802
473.933765,0.8815110852320007,0.9011027050335061
474.041381,0.8834620009858716,0.9014868917686935
474.075874,0.8849858387012794,0.9020566054022547
474.102372,0.8861331165422659,0.9023165201629564
474.155101,0.8868556195907555,0.9026373452782388
474.189773,0.8879752578426334,0.9028449712979623
474.320067,0.8901218171380214,0.9031944256178019
474.391179,0.891752868575213,0.9040058480507169
474.415264,0.8931897548612459,0.904533896720829
474.44536,0.8947247035745334,0.9049104508891659
474.551699,0.89601866177822,0.9053877751027017
474.58115,0.8977556669759093,0.9058044962084422
474.712621,0.8997391294273869,0.9063695717252582
474.819967,0.9018853487157021,0.9073301945008936
474.850722,0.9040366179851924,0.9077201223089963
474.886741,0.9052184956248366,0.9079678590099283
474.980089,0.9065302348020707,0.9084738864998209
475.1318,0.9088472599901878,0.909093394095712
475.158238,0.9106549831810281,0.9098934391642701
475.273705,0.9127015738495072,0.9107405564838214
475.402714,0.9152413316732164,0.9113112226285034
475.469502,0.9172904944137594,0.9119410012771929
475.508094,0.9195200402539077,0.9124513691889415
475.565322,0.9213678796391458,0.9129872082033772
475.595055,0.9228892476867179,0.9134064983180475
475.705315,0.9245111391998706,0.9139439751303116
475.776433,0.9261888416846756,0.91444457399022
475.846728,0.9279060052402928,0.9149194655718405
475.937775,0.9295951625305097,0.9155803708763319
476.039886,0.9318651547450201,0.916292575197615
476.075529,0.9334541492951773,0.9167911182225132
476.149629,0.9352675570353869,0.9175645847386389
476.179106,0.9368374213887753,0.9180665113018343
476.214086,0.9379678155699821,0.9184870251258682
476.249553,0.9390597492460029,0.9187418490418124
476.279855,0.9403133377435338,0.9192497619825432
476.409463,0.9416804601253839,0.9199350696987391
476.581998,0.9442445896716156,0.9207212900649047
476.621117,0.9456814233318833,0.9215153855951006
476.650841,0.9472906323968477,0.9219925564537408
476.684117,0.9484500520318127,0.9223972254402413
476.726623,0.9493845624747437,0.9229083920900902
476.762336,0.950114751469671,0.9233546322355088
476.790498,0.9514099828681404,0.9240122542816988
476.892775,0.9526190192100145,0.9244332864112668
476.921173,0.9540140352068063,0.924854305183779
476.962918,0.9549427315585217,0.9253000088106826
476.991021,0.9558953185374219,0.9255728232165042
477.022704,0.956743697091567,0.926188386987637
477.060776,0.9573007442903907,0.9265276216046943
477.092794,0.9582424971308978,0.9269109622442576
477.127613,0.9592613547039698,0.9269352375529902
477.160477,0.9599745550051201,0.9269522302691029
477.19517,0.96069854644998,0.9274073333880026
477.235532,0.9615086983009662,0.9276867095568282
477.263574,0.9625698496158062,0.9282143839952302
477.304108,0.9632775722422795,0.9285108000169064
477.328617,0.9637163655892031,0.9289233192891782
477.395421,0.9643058502529573,0.9294514788750443
477.435888,0.9652340458530344,0.9298747811212682
477.462528,0.9661877128172625,0.9301320397303681
477.494634,0.9671026687703626,0.9304782925459073
477.528202,0.9677223418769704,0.9309998874752351
477.563188,0.9687646526328947,0.9312869158806443
477.623462,0.9693600345415431,0.931557000994228
477.653769,0.9706548319393187,0.9321766266462006
477.711885,0.9718093123330327,0.9327770728335538
477.738651,0.9728656602308706,0.9333641470398537
477.79723,0.9739299729152409,0.9334556836533767
477.874444,0.9751148204285622,0.9340586687181149
477.904003,0.976286731779089,0.9345172005432474
477.940105,0.9771070697244577,0.9348381728208401
477.968849,0.9784276935294867,0.9355640688730713
478.003817,0.979352130193007,0.9360721961096331
478.03097,0.979649171818241,0.9364034591917973
478.073791,0.9803544003886592,0.9369694929483876
478.128587,0.9818139238542147,0.9372572301640452
478.297758,0.9838876062999247,0.9379778324733214
478.415744,0.9861555590290878,0.9387629204411333
478.487218,0.9879440055133241,0.9394185902072307
478.510997,0.9897357036758399,0.9402907444015465
478.541762,0.991240249779051,0.9410691765032932
478.578765,0.9925609376970508,0.9414973671195812
478.674406,0.9937758845945701,0.9420432200501894
478.706022,0.9954356235268069,0.9427229886580879
478.734491,0.996848388254806,0.9433670727144243
478.774498,0.9980883783281993,0.9439862312288476
478.805893,0.9990134130246247,0.9442127902297153
478.975221,1.0009177131681404,0.9452136845679662
479.080952,1.0030614298840494,0.9461560312811639
479.110384,1.0045772665323904,0.9465286418530219
479.211414,1.0066330941028858,0.9478093702905388
479.239317,1.00793427209608,0.9481223030407337
479.315409,1.0092353044588025,0.9490940016968425
479.390699,1.010719554925666,0.9495586842024687
479.431205,1.0120580435924669,0.9501820805477157
479.461052,1.0135134030176258,0.9506776990458308
479.548223,1.0150951681688567,0.9511555416758315
479.679541,1.0169041769413747,0.9522053587797104
479.850285,1.0197489094432213,0.9537501148237757
479.982716,1.0225536825445505,0.9550742912588298
480.02637,1.0250825764269678,0.9561332152096873
480.116695,1.02736789356388,0.9572735031511297
480.160069,1.0289100374728652,0.958279718959941
480.256689,1.0308038926288632,0.959227310620973
480.292012,1.0321835572834415,0.9600356786472206
480.318497,1.0335365262350362,0.9600355722820583
480.388148,1.035430066655541,0.9612464615524884
480.427617,1.0367555449498942,0.9620940840417894
480.491663,1.0379405499562893,0.9625035275342391
480.597135,1.039593205526043,0.9634491746153064
480.628816,1.0410059829276783,0.9642822167444168
480.776986,1.0429704644089328,0.9654621735033946
480.835956,1.0449654063049725,0.9665102659038989
480.871481,1.0463618656322002,0.967243930584252
480.902581,1.0475464179344225,0.9678403940004527
480.928443,1.0486321310161624,0.9684292757850581
480.970159,1.0497565172087502,0.9688928662776137
481.001296,1.05068495784004,0.9698073940801053
481.051634,1.051599332090811,0.9703206414112646
481.1062,1.053123807785528,0.9710447307318884
481.156019,1.0539176415546059,0.9713495156291431
481.240413,1.0551991309523903,0.9723495748426827
481.274816,1.0560283672869428,0.9729786450416265
481.371637,1.0579587706369318,0.9739882483408144
481.398786,1.059122977843832,0.9743756089635396
481.506054,1.061022500925924,0.9754276776134363
481.53505,1.0628691539303123,0.9765094690197282
481.574046,1.063792417207853,0.9772113264472784
481.640098,1.0650528200781815,0.9778681189427822
481.672549,1.0662125140251248,0.9782608542270494
481.708951,1.0674835654969086,0.979090807378185
481.813624,1.0692044286939053,0.9802844090043747
481.856214,1.0706683846621496,0.9812931650822828
481.948017,1.0715074376877296,0.9820417090020408
481.986543,1.0730622654787008,0.9827384418878238
482.016729,1.0743912927251966,0.9836406634890333
482.091684,1.0758599490284262,0.9843775936613786
482.125053,1.0772035792719856,0.9851625061090008
482.261508,1.0791288130160246,0.9863107211628209
482.289814,1.0807352919253956,0.9875956242349798
482.394423,1.0820553780805344,0.988495592827294
482.436259,1.0830916262515278,0.9890254350386913
482.559675,1.0853174992197279,0.9903413562295833
482.594691,1.0866916107590463,0.9909431036137142
482.705392,1.0883785793402618,0.9920978036598184
482.862761,1.0908673024627742,0.9937789739125045
483.210439,1.0948268802481118,0.9962464184231707
483.237453,1.0978614769440944,0.9981491533385718
483.481845,1.1013853785836138,1.0008551813390754
483.512082,1.104496519387802,1.002678018416845
483.613579,1.1071428462214552,1.0045174828411323
483.656213,1.1093178911053236,1.0057695239652025
483.683972,1.1111680096517174,1.0069269052056649
483.782606,1.1131330011577525,1.008372755610518
483.930392,1.1153606508974017,1.009702317152918
484.122785,1.1185094470145946,1.0116935199142998
484.152732,1.1207279809369497,1.013076168094978
484.185833,1.1225318306324579,1.0142322056059376
484.292099,1.1245401437626668,1.0161068768098984
484.494147,1.1270100489142012,1.0181299678044045
484.558206,1.1292031477309992,1.0197911065905856
484.669599,1.13166568172896,1.021385989731818
484.69441,1.133202058524359,1.022816548250505
484.796785,1.1352097150835672,1.0243041700638056
485.040176,1.1378184209274544,1.0262853513719343
485.071156,1.1400423402592645,1.0277515001488915
485.09832,1.14189537848071,1.0286701940670842
485.360171,1.1451181882572672,1.030628921213017
485.387146,1.1476113696661343,1.0318611990765594
485.729466,1.1514428188241248,1.0343149514942471
